47334178800
47334178792
47334178784
47334178776
47334178768
47334178750
47334178743
47334178735
47334178727
68561952808
47333596804
47334178719
68561952790
47333596796
47334178701
68561952782
47333596788
47334178693
68561952774
47333596770
47334178685
68561952766
47333596762
47334178677
68561952758
47333596754
47334178669
68561952741
47333596747
47334178651
68561952733
47333596739
47334178644
68561952725
47334178636
47333596721
68561952717
47334178628
47333596713
47334178610
68561952709
47333596705
47334178602
68561952691
47333596697
47334178594
68561952683
47333596689
47334178586
68561952675
47333596671
47334178578
68561952667
47333596663
47334178560
68561952659
47334178552
47333596655
68561952642
47334178545
47333596648
68561952634
47334178537
47333596630
68561952626
47334178529
68561953780
68561952618
47333596622
47334178511
47333596614
68561953772
68561952600
47333596606
47334178503
68561952592
68561953764
47333596598
47334178495
68561953756
68561952584
47333596580
47334178487
68561953749
68561952576
47334178479
47333596572
68561953731
68561952568
47334178461
23615655816
47333596564
68561953723
68561952550
47334178453
47333596556
68561953715
68561952543
47334178446
47333596549
68561953707
68561952535
23615655790
47334178438
47333596531
68561953699
23615655782
68561952527
47334178420
47333596523
68561953681
68561952519
23615655774
47334178412
47333596515
68561953673
47334178404
23615655766
68561952501
68561953665
47333596507
68561952493
23615655758
47334178396
23615655741
47333596499
68561952485
68561953657
47334178388
23615655733
68561952477
68561953640
47334178370
47333596481
23615655725
68561952469
68561953632
47334178362
47333596473
23615655717
68561952451
68561953624
47334178354
47333596465
23615655709
68561953616
68561952444
47333596457
23615655691
47334178347
68561952436
68561953608
47333596440
23615655683
68561952428
47334178339
68561953590
23615655675
47333596432
47334178321
68561952410
68561953582
47333596424
23615655667
47334178313
68561952402
68561953574
23615655659
47333596416
46072179897
68561952394
47334178305
68561953566
47333596408
23615655642
46072179889
68561952386
47334178297
68561953558
47333596390
46072179871
47334178289
68561952378
23615655634
68561953541
47333596382
47334178271
46072179863
68561952360
23615655626
68561953533
47333596374
47334178263
23615655618
46072179855
68561952352
68561953525
47333596366
47334178255
23615655600
68561952345
46072179848
47334178248
47333596358
23615655592
68561953517
68561952337
46072179830
68561953509
47333596341
47334178230
23615655584
68561952329
46072179822
47333596333
47334178222
68561953491
23615655576
46072179814
68561952311
47333596325
47334178214
68561953483
23615655568
68561952303
46072179806
47333596317
68561953475
23615655550
47334178206
68561952295
46072179798
47333596309
47334178198
23615655543
68561952287
47333596291
68561953467
47334178180
23615655535
46072179780
47333596283
68561952279
47334178172
68561953459
46072179772
68561952261
23615655527
47334178164
47333596275
68561953442
46072179764
68561952253
47334178156
23615655519
68561953434
47333596267
46072179756
68561952246
47334178149
23615655501
68561953426
47333596259
46072179749
68561952238
47334178131
68561953418
23615655493
47333596242
46072179731
68561952220
47334178123
68561953400
23615655485
47334178115
68561952212
47333596234
68561953392
46072179723
23615655477
68561952204
47333596226
47334178107
46072179715
68561953384
23615655469
47334178099
47333596218
68561952196
47334178081
68561953376
46072179707
68561952188
23615655451
47333596200
47334178073
68561953368
46072179699
47333596192
23615655444
68561952170
47334178065
68561953350
47333596184
46072179681
23615655436
68561952162
47334178057
68561953343
47333596176
46072179673
23615655428
68561952154
47334178024
68561953335
47333596168
46072179665
68561952147
23615655410
68561953327
47333596150
46072179657
68561952139
23615655402
68561953319
47333596143
46072179640
68561952121
23615655394
68561953301
47333596135
46072179632
68561952113
23615655386
68561953293
47333596127
46072179624
68561952105
23615655378
47333596119
68561953285
68561952097
46072179616
47333596101
23615655360
68561953277
68561952089
46072179608
47333596093
23615655352
68561953269
68561952071
46072179590
47333596085
23615655345
68561953251
68561952063
46072179582
47333596077
68561953244
23615655337
46072179574
47333596069
68561953236
23615655329
68561952048
47333596051
46072179566
68561953228
23615655311
47333596028
46072179558
68561953210
23615655303
46072179541
68561953202
23615655295
46072179533
68561953194
47333596036
23615655287
46072179525
68561953186
23615655279
46072179517
68561953178
23615655261
46072179509
68561953160
23615655253
46072179491
68561953152
93569442800
23615655246
46072179483
93569442792
68561953145
23615655238
46072179475
93569442784
68561953137
23615655220
46072179467
93569442776
68561953129
46072179459
93569442768
23615655212
68561953111
46072179442
93569442750
23615655204
68561953103
46072179434
93569442743
23615655196
68561953095
46072179426
93569442735
23615655188
46072179418
68561953087
93569442727
68561953079
23615655170
46072179400
93569442719
23615655162
68561953061
46072179392
93569442701
68561953053
23615655154
46072179384
93569442693
68561953020
23615655147
46072179376
93569442685
23615655139
46072179368
93569442677
23615655121
46072179350
23615655113
93569442669
46072179343
93569442651
23615655105
46072179335
93569442644
46072179327
23615655097
93569442636
46072179319
23615655089
23615655071
46072179301
93569442610
23615655063
46072179293
93569442602
23615655055
46072179285
93569442594
23615655022
46072179277
93569442586
46072179269
93569442578
46072179251
93569442560
46072179244
46072179236
93569442552
93569442545
46072179228
93569442537
46072179210
46072179202
46072179194
93569442511
46072179186
93569442503
46072179178
93569442495
46072179160
93569442487
46072179152
93569442479
46072179145
93569442461
93569442453
93569442446
47319205982
93569442438
47319205974
47319205966
93569442412
47319205958
93569442404
47319205941
93569442396
47319205933
93569442388
47319205925
47319205917
93569442362
47319205909
93569442354
47319205891
47319205883
47319205867
47319205859
47319205842
93569442305
47319205834
93569442297
47319205826
93569442289
47319205818
93569442271
47319205800
93569442263
47319205792
93569442255
47319205784
93569442248
47319205776
93569442230
47319205768
93569442222
93569442214
47319205750
68561953038
47319205743
93569442206
47319205735
93569442198
47319205727
93569442180
93569442172
47319205719
93569442164
47319205701
93569442156
47319205693
93569442149
47319205685
93569442131
47319205677
93569442123
47319205669
93569442115
47319205651
93569442107
47319205644
93569442099
47319205636
93569442081
47319205628
93569442073
93569442065
47319205610
93569442057
47319205602
93569442024
47319205594
47319205586
47319205578
47319205560
47319205552
47319205545
47319205537
47319205529
47319205511
47319205503
47319205495
47319205487
47319205479
47319205461
47319205453
47319205446
47319205438
47319205420
47319205412
47319205404