StoreId
6522
6523
6524
6525
6526
6527
6528
6530
6531
6532
6533
6534
6535
6536
6537
6538
6539
6540
6541
6542
6543
6544
6545
6546
6547
6548
6549
6550
6551
6552
6553
6554
6555
6556
6557
6558
6559
6560
6561
6562
6563
6564
6565
6566
6567
6568
6569
6570
6571
6572
6573
6574
6575
6576
6577
6578
6579
6580
6581
6582
6583
6584
6585
6586
6587
6588
6589
6590
6591
6592
6593
6594
6595
6596
6597
6598
6599
6600
6601
6602
6603
6604
6605
6606
6607
6608
6609
6610
6611
6612
6613
6614
6615
6616
6617
6618
6619
6620
6621
6622
6623
6624
6625
6626
6627
6628
6629
6630
6631
6632
6633
6634
6635
6636
6637
6638
6639
6640
6641
6642
6643
6644
6645
6646
6647
6648
6649
6650
6651
6652
6653
6654
6655
6656
6657
6658
6659
6660
6661
6662
6663
6664
6665
6666
6667
6668
6669
6670
6671
6672
6673
6674
6675
6676
6677
6678
6679
6680
6681
6682
6683
6684
6685
6686
6687
6688
6689
6690
6691
6692
6693
6694
6695
6696
6697
6698
6699
6700
6701
6702
6703
6704
6705
6706
6707
6708
6709
6710
6711
6712
6713
6714
6715
6716
6717
6718
6719
6720
6721
6722
6723
6724
6725
6726
6727
6728
6729
6730
6731
6732
6733
6734
6735
6736
6737
6738
6739
6740
6741
6742
6743
6744
6745
6746
6747
6748
6749
6750
6751
6752
6753
6754
6755
6756
6757
6758
6759
6760
6761
6762
6763
6764
6765
6766
6767
6768
6769
6770
6771
6772
6773
6774
6775
6776
6777
6778
6779
6780
6781
6782
6783
6784
6785
6786
6787
6788
6789
6811
6813
6815
6816
6818
6819
5702
5747
5748
5758
5779
5786
5798
5805
5821
5832
5833
5836
5838
5843
5852
5864
5871
5880
5887
5895
5899
5901
5913
5916
5919
5920
5924
5937
5938
5944
5948
5960
5968
5969
5972
5974
5976
5980
5981
5982
5991
5992
5993
5995
5996
5999
6000
6341
6342
6343
6344
6345
6346
6347
6348
6349
6350
6351
6352
6353
6354
6355
6356
6357
6358
6359
6360
6361
6362
6363
6364
6365
6366
6367
6368
6369
6370
6371
6372
6373
6374
6375
6376
6377
6378
6379
6380
6381
6382
6383
6384
6385
6386
6387
6388
6389
6390
6391
6392
6393
6394
6395
6396
6397
6398
6399
6400
6401
6402
6403
6404
6405
6406
6407
6408
6409
6410
6411
6412
6413
6414
6415
6416
6417
6418
6419
6420
6421
6422
6423
6424
6425
6426
6427
6428
6429
6430
6431
6432
6433
6434
6435
6436
6437
6438
6439
6440
6441
6442
6443
6444
6445
6446
6447
6448
6449
6450
6451
6452
6453
6454
6455
6456
6457
6458
6459
6460
6461
6462
6463
6464
6465
6466
6467
6468
6469
6470
6471
6472
6473
6474
6475
6476
6477
6478
6479
6480
6481
6482
6483
6484
6485
6486
6487
6488
6489
6490
6491
6492
6493
6494
6495
6496
6497
6498
6499
6500
6501
6502
6503
6504
6505
6506
6507
6508
6509
6510
6511
6512
6513
6514
6515
6516
6517
6518
6519
6520
6521
6820
6821
6822
6823
6824
6829
6830
6832
6834
6837
6838
6839
6840
6842
6843
6853
6856
6857
6858
6860
6890
6895
6927
6930
6932
6935
6945
6967
6977
7000
7001
7006
7018
7045
7046
7054
7055
7056
7057
7058
7059
7060
7061
7062
7063
7064
7095
7096
7097
7098
7099
7101
7102
7103
7104
7106
7107
7108
7109
7110
7111
7112
7113
7114
7115
7116
7117
7118
7119
7120
7121
7122
7123
7124
7125
7126
7127
7128
8724
8725
8726
8727
8728
8729
8731
8733
8734
8735
8736
8737
8738
8739
8741
8742
8743
8744
8747
8748
8749
8750
8751
8752
8753
8754
8755
8756
8757
8758
8759
8760
8761
8762
8763
8764
8765
8766
8767
8768
8769
8770
8771
8772
8773
8774
8775
8776
8777
8779
8780
8781
8782
8784
8785
8786
8787
8788
8789
8790
8791
8792
8793
8794
8795
8796
8798
8799
8800
8801
8802
8803
8804
8805
8806
8807
8808
8809
8810
8811
8812
8813
8814
8817
8818
8819
8820
8821
8822
8823
8824
8826
8827
8828
8829
8830
8831
8832
8833
8834
8835
8837
8838
8839
8840
8841
8842
8843
8844
8845
8846
8847
8849
8850
8851
8852
8853
8854
8855
8856
8857
8858
8859
8860
8861
8862
8864
8865
8866
8867
8868
8870
8871
8872
8873
8874
8875
8876
8877
8878
8879
8880
8881
8882
8883
8884
10321
10367
10403
10409
10438
10439
10444
10457
10504
10518
10525
10526
10527
10529
10530
10532
10536
10537
10538
10539
10540
10541
10542
10543
10544
10545
10546
10547
10549
10554
10555
10556
10558
10559
10563
10565
10568
10569
10570
10571
10572
10574
10576
10577
10579
10580
10582
10583
10584
10585
10586
10587
10589
10590
10591
10592
10593
10594
10595
10598
10599
10600
10601
10603
10604
10605
10607
10609
10610
10611
10612
10613
10615
10616
10617
10619
10621
10625
10626
10627
10629
10632
10633
10636
10637
10638
10640
10642
10644
10645
10646
10647
10648
10651
10652
10656
10659
10661
10662
10663
10664
10665
10667
10668
10670
10671
10674
10675
10677
10682
10683
10684
10685
10686
10688
10689
10690
10691
10692
10693
10696
10697
10698
10699
10700
10701
10702
10703
10705
10706
10707
10708
10710
10711
10712
10713
10714
10715
10716
10717
10718
10719
10720
10721
10722
10724
10725
10726
10727
10728
10729
10730
10731
10732
10735
10736
10737
10738
10740
10742
10743
10744
10745
10746
10748
10749
10750
10751
10752
10753
10755
10756
10757
10758
10759
10760
10761
10763
10764
10765
10767
10769
10770
10771
10772
10774
10775
10777
10778
3612
3613
3614
3615
3616
3617
3618
3619
3620
3621
3622
3623
3625
3626
3627
3628
3629
3630
3631
3632
3633
3634
3635
3636
3638
3639
3640
3641
3642
3643
3644
3645
3646
3647
3926
3927
3928
3929
3930
3931
3932
119
120
121
122
123
124
125
126
127
128
129
130
131
132
133
134
135
136
137
138
139
140
141
142
143
144
145
146
147
148
149
150
151
152
153
154
155
156
157
158
159
160
161
162
163
164
165
166
167
168
169
170
171
172
173
174
175
176
177
178
179
180
181
182
183
184
185
186
187
188
189
190
191
192
193
194
195
196
197
198
199
200
201
202
203
204
205
206
207
208
209
210
211
212
213
214
215
216
217
218
219
220
221
222
223
224
225
226
227
228
229
230
231
232
233
234
235
236
237
238
239
240
241
242
243
244
245
246
247
248
249
250
251
252
253
254
255
256
257
258
259
260
261
262
263
264
265
266
267
268
269
270
271
272
273
274
275
276
277
278
279
280
281
282
283
284
285
286
287
288
289
290
291
292
293
294
295
296
297
298
299
300
301
302
303
304
305
306
307
308
309
310
311
312
313
314
315
316
317
318
319
320
321
322
323
324
325
326
327
328
329
330
331
332
333
334
335
336
337
338
339
340
341
342
343
344
345
346
347
348
349
350
351
352
353
354
355
356
357
358
359
360
361
362
363
364
1376
1377
1378
1380
1381
1382
1384
1385
1386
1387
1388
1389
1390
1391
1392
1393
1394
1395
1396
1397
1398
1400
1402
1403
1404
1405
1406
1407
1408
1409
1411
1412
1413
1414
1417
1418
1419
1420
1421
1422
1423
1424
1425
1426
1427
1428
1429
1430
1431
1433
1434
1435
1436
1437
1439
1440
1442
1443
1446
1447
1449
1450
1451
1452
1453
1454
1455
1456
1457
1458
1459
1460
1461
1462
1463
1464
1465
1466
1467
1468
1469
1470
1471
1472
1473
1474
1476
1477
1478
1479
1480
1481
1482
1483
1484
1485
1486
1487
1488
1489
1490
1491
1492
1493
1494
1495
1496
1497
1498
1499
1500
1501
1502
1503
1504
1505
1506
1508
1509
1510
1513
1514
1515
1516
1517
1518
1519
1521
1522
1523
1524
1527
1528
1530
1531
1532
1534
1535
1536
1537
1538
1539
1540
1541
1542
1543
1544
1545
1546
1547
1548
1549
1550
1552
1555
1556
1557
1559
1560
1561
1562
1563
1565
1566
1567
1568
1569
1570
1571
1572
1573
1574
1575
1577
1578
1579
1580
1581
1582
1583
1584
1585
1587
1588
1589
1590
1592
1593
1594
1595
1596
1597
1598
1599
1600
1601
1602
1603
1604
1605
1607
1608
1609
1610
1611
1612
1613
1614
1615
1617
1618
1619
1620
1621
1622
1623
1626
1627
1628
1629
1630
1632
1633
1635
1636
1637
1639
1640
1641
1642
1643
1644
1645
1646
1647
1648
1649
1650
1651
1653
1654
1655
1656
1657
1658
1659
1660
1661
1662
1664
1665
1668
1669
1673
1674
1675
1676
1677
1678
1679
1680
1681
1682
1683
1685
1687
1688
1689
2065
2066
2067
2068
2070
2071
2072
2073
2074
2075
2076
2078
2079
2080
2081
2082
2083
2084
2086
2087
2088
2089
2090
2091
2092
2093
2094
2096
2098
2099
2100
2101
2104
2106
2107
2108
2109
2111
2112
2113
2114
2115
2117
2118
2120
2121
2122
2124
2125
2126
2127
2128
2129
2130
2131
2132
2133
2135
2136
2137
2138
2139
2140
2141
2142
2143
2144
2145
2146
2147
2148
2149
2150
2151
2152
2153
2154
2155
2156
2157
2158
2159
2160
2161
2162
2163
2164
2165
2166
2167
2168
2169
2170
2171
2172
2173
2174
2175
2176
2177
2178
2180
2181
2182
2183
2184
2185
2186
2187
2188
2189
2190
2193
2194
2195
2196
2197
2198
2199
2200
2201
2202
2203
2204
2206
2207
2208
2209
2210
2212
2213
2214
2215
2216
2217
2218
2220
2221
2222
2223
2224
2225
2226
2227
2228
2231
2232
2233
2234
2235
2236
2237
2238
2239
2240
2241
2242
2243
2245
2246
2249
2250
2252
2253
2254
2255
2256
2257
2258
2259
2260
2261
2262
2263
2265
2266
2267
2268
2269
2270
2271
2273
2274
2275
2276
2277
2278
2279
2280
2281
2282
2283
2284
2285
2286
2288
2291
2293
2294
2295
2296
2297
2298
2299
2301
2302
2303
2304
2305
2306
2308
2309
2310
2313
2314
2315
2316
2317
2319
2321
2322
2323
2325
2326
2327
2328
2329
2330
2331
2332
2333
2334
2335
2337
2338
2339
2340
2341
2342
2344
2345
2346
2347
2348
2349
2350
2351
2352
2353
2354
2355
2356
2357
2358
2359
2360
2361
2362
2363
2364
2365
2367
2368
2370
2371
2372
2373
2374
2375
2376
2377
2380
2386
2389
2391
2393
2394
2395
2396
2397
2398
2400
2401
2402
2403
2405
2406
2407
2408
2409
2410
2411
2412
2413
2416
2417
2418
2419
365
366
367
368
369
370
371
496
498
500
501
503
509
512
514
515
516
519
521
525
529
531
534
535
543
551
553
554
555
557
560
562
563
564
566
570
571
572
577
579
580
584
588
589
591
592
593
594
599
600
601
603
605
610
611
620
621
622
629
645
654
663
666
680
686
695
696
698
699
703
704
707
708
710
711
712
716
718
720
730
733
734
736
746
747
752
757
758
759
760
763
771
776
777
778
780
785
789
790
791
797
802
806
812
814
816
820
822
823
826
833
834
836
841
842
847
849
853
854
855
860
861
862
869
875
2943
2944
2945
2946
2947
2951
2952
2953
2954
2956
2957
2958
2959
2962
2963
2964
2965
2966
2967
2972
2973
2974
2975
2977
2978
2979
2981
2983
2985
2986
2987
2988
2989
2990
2991
2992
2993
2994
2995
2996
2998
3000
3001
3002
3003
3004
3005
3006
3007
3008
3009
3010
3011
3014
3015
3016
3017
3018
3019
3020
3024
3025
3026
3027
3028
3030
3032
3033
3037
3038
3039
3040
3041
3043
3044
3046
3047
3049
3050
3051
3052
3053
3054
3055
3057
3059
3060
3062
3064
3065
3066
3067
3068
3069
3070
3071
3072
3073
3076
3078
3079
3080
3081
3082
3084
3085
3087
3088
3089
3091
3092
3093
3095
3096
3097
3098
3099
3101
3102
3103
3104
3105
3106
3108
3109
3110
3112
3113
3115
3116
3118
3119
3120
3121
3122
3123
3124
3125
3126
3127
3128
3129
3130
3132
3133
3134
3135
3136
3137
3138
3139
3140
3142
3143
3144
3147
3148
3149
3150
3152
3153
3154
3155
3156
3157
3159
3160
3161
3162
3163
3164
3165
3166
3167
3168
3169
3170
3171
3172
3173
3174
3175
3176
3178
3179
3180
3181
3182
3183
3184
3186
3187
3188
3189
3190
3192
3193
3195
3196
3197
3198
3199
3202
3203
3205
3206
3207
3208
3209
3210
3211
3212
3213
3214
3215
3216
3217
3219
3220
3222
3223
3224
3225
3226
3227
3228
3229
3230
3231
3232
3233
3234
3235
3238
3239
3240
3397
3398
3399
3400
3401
3402
3403
3404
3405
3406
3407
3408
3409
3410
3411
3412
3413
3414
3415
3416
3417
3418
3419
3420
3421
3422
3423
3424
3425
3426
3427
3428
3429
3430
3431
3432
3433
3434
3435
3436
3437
3438
3439
3440
3441
3442
3443
3444
3445
3446
3447
3448
3449
3450
3451
3452
3453
3454
3455
3456
3457
3458
3459
3460
3461
3462
3463
3464
3465
3466
3467
3468
3469
3470
3471
3472
3473
3474
3475
3476
3477
3478
3479
3480
3481
3482
3483
3484
3485
3486
3487
3488
3489
3490
3491
3492
3493
3494
3495
3496
3497
3498
3499
3500
3552
3553
3554
3557
3558
3559
3565
3566
3567
3571
3572
3574
3575
3582
3583
3584
3585
3586
3587
3588
3589
3590
3591
3593
3594
3595
3596
3599
3600
3601
3602
3603
3604
3605
3606
3607
3608
3609
3610
3611
1690
1691
1692
1694
1695
1696
1698
1699
1701
1702
1703
1704
1705
1706
1707
1708
1709
1710
1711
1712
1713
1714
1715
1717
1718
1719
1720
1722
1724
1725
1726
1727
1728
1730
1731
1732
1733
1734
1735
1738
1739
1740
1741
1742
1743
1744
1745
1746
1747
1748
1749
1750
1751
1754
1755
1756
1757
1759
1760
1762
1764
1765
1766
1767
1768
1769
1771
1772
1773
1774
1775
1777
1778
1779
1782
1783
1784
1785
1786
1787
1788
1789
1864
1866
1869
1870
1871
1872
1874
1875
1876
1877
1878
1881
1882
1883
1884
1885
1886
1887
1888
1890
1891
1892
1893
1894
1895
1896
1897
1898
1899
1901
1902
1903
1904
1905
1907
1908
1910
1911
1912
1913
1914
1915
1916
1917
1918
1919
1920
1921
1922
1923
1924
1925
1926
1927
1928
1929
1930
1931
1932
1933
1934
1935
1936
1937
1938
1939
1940
1941
1942
1943
1944
1945
1946
1947
1948
1949
1950
1951
1952
1953
1954
1955
1956
1957
1958
1959
1960
1962
1963
1964
1965
1966
1967
1968
1969
1970
1971
1973
1974
1975
1976
1977
1978
1980
1981
1982
1983
1984
1985
1987
1989
1990
1991
1992
1993
1994
1995
1996
1997
1998
1999
2000
2001
2002
2003
2005
2007
2008
2009
2010
2011
2012
2015
2016
2017
2018
2019
2024
2025
2028
2030
2031
2032
2033
2034
2035
2036
2037
2038
2039
2040
2041
2042
2043
2044
2045
2046
2048
2049
2050
2051
2052
2053
2054
2055
2056
2057
2058
2059
2060
2061
2062
2063
876
878
886
888
889
891
897
905
906
909
919
927
933
935
944
945
954
956
957
960
962
964
965
969
971
972
974
976
978
980
982
990
995
997
999
1002
1005
1007
1009
1010
1013
1015
1019
1020
1023
1025
1031
1032
1036
1039
1041
1042
1044
1045
1046
1047
1049
1050
1051
1052
1057
1058
1059
1061
1064
1065
1067
1068
1069
1070
1071
1072
1073
1074
1075
1076
1077
1080
1081
1085
1086
1087
1090
1093
1095
1101
1110
1116
1118
1127
1128
1129
1132
1137
1138
1139
1142
1146
1149
1150
1151
1152
1155
1163
1164
1167
1169
1172
1173
1176
1177
1179
1180
1181
1186
1187
1299
1300
1301
1302
1303
1305
1306
1307
1308
1309
1310
1312
1313
1314
1316
1317
1318
1319
1320
1321
1322
1325
1326
1327
1328
1329
1330
1331
1332
1333
1334
1335
1336
1338
1339
1340
1341
1342
1344
1345
1346
1347
1349
1350
1352
1353
1354
1355
1356
1357
1358
1359
1360
1361
1363
1365
1366
1367
1368
1369
1370
1374
1375
13506
13507
13511
13514
15207
15208
15209
15213
15214
15215
15216
15224
15225
15226
15227
15229
15230
15231
15232
15234
15235
15236
15237
15238
15239
15240
15241
15242
15244
15245
15247
15248
15249
15250
15251
15252
15430
15431
15432
15433
15434
15435
15436
15437
15438
15439
15440
15441
15442
15443
15444
15445
15446
15447
15448
15449
15450
15451
15452
15453
15454
15455
15456
15457
15458
15459
15460
15461
15462
15463
15464
15465
15466
15467
15468
15469
15470
15471
15472
15473
15474
15475
15476
15477
15478
15479
15480
15481
15482
15483
15484
15485
15486
15487
15488
15489
15490
15491
15492
15493
15494
15495
15496
15497
15498
15499
15500
15501
15502
15503
15504
15505
15506
15507
15508
15509
15510
15511
15512
15513
15514
15515
15516
15517
15518
15519
15520
15521
15522
15523
15524
15525
15526
15527
15528
15529
15531
15532
15533
15534
15535
15536
15537
15538
15539
15540
15541
15542
15543
15544
15545
15546
15547
15548
15549
15550
15551
15552
15553
15554
15555
15556
15557
15558
15559
15560
15561
15562
15563
15564
15565
15566
15567
15568
15569
15570
15571
15572
15573
15574
15575
15576
15577
15578
15579
15580
15581
15582
15583
15584
15585
15586
15587
15588
15589
15590
15601
15608
15609
15612
15613
15621
15622
15623
15624
15625
15626
15627
15628
15629
15630
15631
15632
15633
15634
15635
15636
15637
15638
15639
15640
15641
15643
15644
15645
15646
15647
15648
15649
15650
15652
15653
15654
15655
15656
15657
15658
15659
15660
15661
15662
15663
15664
15665
15666
15667
15668
15669
15670
15671
15672
15673
15674
15675
15676
15677
15678
15679
15680
15681
15682
15683
15684
15685
15686
15687
15688
15689
15690
15691
15692
15693
15694
15695
15696
15697
15698
15699
15700
15701
15702
15703
15704
15705
15706
15707
15709
15710
15711
15712
15713
15714
15715
15716
15717
15718
15719
15720
15721
15722
15723
15724
15725
15726
15727
15728
15729
15730
15731
15732
15733
15734
15735
15736
15737
15738
15739
15740
15741
15742
16288
16289
16290
16291
16292
16293
16294
16295
16296
16297
16298
16299
16300
16301
16302
16303
16304
16305
16306
16307
16308
16309
16310
16311
16312
16313
16314
16315
16316
16317
16318
16319
16320
16321
16322
16323
16324
16325
16326
16327
16328
16329
16330
16331
16332
16333
16334
16335
16336
16337
16338
16339
16340
16341
16342
16343
16344
16345
16346
16347
16348
16349
16350
16351
16352
16353
16354
16355
16356
16357
16358
16359
16360
16361
16362
16363
16364
16365
16366
16367
16368
16369
16370
16371
16372
16373
16374
16375
16376
16377
16378
16379
16380
16381
16382
16383
16384
16385
16386
16387
16388
16389
16390
16391
16392
16393
16394
16395
16396
16397
16398
16399
16400
16401
16402
16403
16404
16405
16406
16407
16408
16409
16410
16411
16412
16413
16414
16415
16416
16417
16418
16419
16420
16421
16422
16423
16424
16425
16426
16427
16428
16429
16430
16431
16432
16433
16434
16435
16436
16437
16438
16439
16440
16441
16442
16443
16444
16445
16446
16447
16448
16449
16450
16451
16452
16453
16454
16455
16456
16457
16458
16459
16460
16461
16462
16463
16464
16465
16466
16467
16468
16469
16470
16471
16472
16473
16474
16475
16476
16477
16478
16479
16480
16481
16482
16483
16484
16485
16486
16487
16488
16489
16490
16491
16492
16493
16494
16495
16496
16497
16498
16499
16500
16501
16502
16503
16504
16505
16506
16507
16508
16509
16510
16511
16512
16513
16514
16515
16516
16517
16518
16519
16520
16521
16522
16523
16524
16525
16526
16527
16528
16529
16530
16531
16532
16533
16534
16535
16536
16537
16538
16539
16540
16541
16542
16543
16544
16545
16546
16547
16548
16549
16550
16551
16552
16553
16554
16555
16556
16557
16558
16559
16560
16561
16562
16569
16570
16571
16572
16573
16574
16575
16576
16577
16578
16579
16580
10779
10780
10781
10782
10783
10784
10785
10786
10787
10788
10789
10790
10792
10797
10799
10801
10802
10803
10804
10805
10807
10808
10809
10812
10813
10814
10815
10817
10818
10819
10820
10821
10822
10823
10824
10825
10826
10827
10828
10830
10831
10834
10835
10844
10846
10848
10849
10850
10851
10852
10853
10854
10855
10856
10857
10858
10859
10860
10861
10862
10863
10864
10865
10866
10867
10868
10869
10870
10871
10872
10873
10874
10875
10876
10877
10879
10880
10881
10882
10883
10884
10885
10886
10887
10888
10889
10890
10891
10892
10893
10894
10895
10896
10897
10898
10899
10921
10922
10923
10924
10925
10926
10927
10928
10929
10930
10931
10932
10933
10934
10935
10936
10937
10938
10939
10940
10941
10942
10943
10944
10945
10946
10947
10948
10949
10950
10951
10952
10953
10954
10955
10956
10957
10958
10959
10960
10961
10963
10964
10965
10966
10967
10968
10969
10970
10971
10972
10973
10974
10975
10976
10977
10978
10979
10980
10981
10982
10983
10984
10985
10986
10987
10988
11167
11168
11169
11170
11171
11201
11202
11203
11204
11205
11206
11207
11208
11209
11210
11211
11213
11214
11215
11216
11217
11218
11219
11220
11221
11222
11224
11225
11226
11230
11231
11232
11233
11234
11235
11236
11237
11238
11239
11240
11241
11242
11244
11245
11246
11258
11259
11260
11261
11262
11263
11264
11265
11266
11267
11268
11269
11270
11271
11272
11273
11274
11276
11277
11279
11280
11281
11282
11283
11284
11285
11286
11287
11288
11289
11290
11291
11293
11294
11295
11296
11297
11298
11299
11300
11301
11302
11304
11306
11307
11308
11309
11310
11311
11312
11313
11314
11315
11316
11317
11318
11319
11320
11321
11322
11323
11324
11325
11326
11327
11328
11329
11330
11331
11333
11334
11335
11336
11337
11338
11339
11340
11341
11342
11343
11344
11345
11346
11347
11348
11349
11350
11351
11352
11353
11354
11355
11356
11357
11358
11360
11361
11362
11363
11364
11365
11366
11367
11368
11369
11370
11371
11372
11373
11376
11377
11378
11379
11380
11381
11382
11383
11384
11385
11386
11387
11388
11389
11390
11391
11392
11393
11396
11397
11398
11399
11400
11401
11402
11403
11404
11405
11406
11407
11408
11409
11410
11412
11413
11414
11415
11416
11417
11418
11419
11420
11421
11422
11423
11424
11425
11426
11427
11428
11429
11430
11431
11432
11435
11436
11437
11438
11439
11440
11441
11442
11443
11444
11445
11446
11447
11448
11449
11451
11454
11455
11456
11457
11458
11459
11460
11461
11463
11464
11465
11466
11467
11468
11469
11471
11472
11473
11474
11475
11476
11477
11478
11479
11480
11481
11482
11483
11484
11485
11486
11489
11490
11491
11492
11493
11494
11495
11496
11497
11498
11499
11500
11501
11502
11503
11504
11505
11506
11507
11508
11509
11510
11511
11513
11514
11515
11516
11517
11518
11519
11520
11521
11522
11523
11524
11525
11526
11527
11528
11531
11532
11533
11534
11535
11536
11537
11538
11541
11542
11543
11544
11545
11546
11547
11548
11549
11550
11551
11552
11553
11554
11555
11556
11557
11560
11561
11562
11563
11564
11565
11566
11567
11568
11569
11570
11571
11572
11573
11574
11575
11576
11577
11578
11579
11580
11581
11582
11583
11584
11585
11586
11587
11588
11589
11590
11591
11592
11593
11594
11595
11596
11597
11598
11599
11600
11601
11602
11603
11604
11605
11606
11607
11608
11609
11610
11611
11612
11613
11614
11615
11616
11617
11618
11619
11620
11621
11622
11623
11624
11625
11626
11627
11628
11629
11630
11631
11632
11633
11657
12523
12524
12525
12527
12528
13864
13865
13866
13867
13868
13869
13870
13871
13872
13873
13874
13875
13877
13878
13879
13880
13881
13882
13883
13884
13885
13886
13887
13888
13889
13890
13891
13892
13893
13894
13895
13896
13897
13898
13899
13900
13901
13902
13904
13905
13906
13907
13908
13909
13910
13911
13912
13913
13914
13915
13916
13917
13918
13919
13920
13921
13922
13923
13924
13925
13926
13927
13928
13929
13930
13931
13932
13933
13934
13935
13936
13937
13938
13939
13940
13941
13942
13943
13944
13945
13946
13947
13948
13949
13950
13951
13952
13953
13954
13955
13956
13957
13958
13959
13960
13961
13962
13963
13964
13965
13966
13967
13968
13969
13970
13971
13972
13973
13974
13975
13976
13977
13978
13979
13980
13981
13982
13983
13984
13985
13986
13987
13988
13989
13990
13991
13992
13993
13994
13995
13996
13997
13998
13999
14000
14001
14002
14003
14004
14005
14006
14007
14008
14009
14010
14011
14012
14013
14014
14015
14016
14017
14018
14019
14020
14021
14022
14023
14024
14025
14026
14027
14028
14029
14030
14031
14032
14033
14034
14035
14036
14037
14038
14039
14040
14041
14042
14043
14044
14045
14046
14047
14048
14049
14050
14051
14052
14053
14054
14055
14056
14057
14058
14059
14060
14061
14062
14063
14064
14065
14066
14067
14068
14069
14070
14071
14072
14073
14074
14075
14076
14077
14078
14079
14080
14081
14082
14083
14084
14085
14086
14087
14088
14089
14090
14091
14092
14093
14094
14095
14096
14097
14098
14099
14100
14101
14102
14103
14104
14105
14106
14107
14108
14109
14110
14111
14112
14113
14114
14115
14116
14117
14118
14119
14120
14121
14122
14123
14124
14125
14126
14127
14128
14129
14130
14131
14132
14133
14134
14135
14136
14137
14138
14139
14140
14141
14142
14143
14144
14145
14146
14147
14148
14149
14150
14151
14152
14153
14154
14155
14156
14157
14158
14159
14160
14161
14162
14163
14164
14165
14166
14167
14168
14169
14171
14172
14173
14174
14175
14176
14177
14178
14179
14180
14181
14182
14184
14185
14186
14187
14188
14189
14190
14191
14192
14193
14194
14195
14196
14197
14198
14199
14200
14201
14202
14203
14204
14205
14206
14207
14208
14209
14210
14212
14213
14214
14215
14216
14218
14219
14220
14221
14223
14226
14227
14229
14230
14231
14232
14233
14234
14235
14236
14237
14238
14239
14240
14242
14243
14244
14248
14251
14263
14264
14265
14266
14267
14268
14269
14270
14271
14272
14273
14274
14275
14276
14277
14278
14279
14280
14281
14282
14283
14284
14285
14286
14287
14288
14289
14290
14291
14292
14293
14294
14295
14296
14297
14298
14299
14300
14301
14302
14303
14304
14305
14306
14307
14308
14309
14310
14311
14312
14313
14314
14315
14316
14317
14318
14319
14320
14321
14322
14323
14324
14325
14326
14327
14328
14329
14330
14331
14332
14333
14334
14335
14336
14337
14338
14339
14340
14341
14342
14343
14344
14345
14346
14347
14348
14349
14350
14351
14352
14353
14354
14355
14356
14357
14358
14359
14360
14361
14362
14363
14364
14365
14366
14367
14368
14369
14370
14371
14372
14373
14374
14375
14376
14377
14378
14379
14380
14381
14382
14383
14384
14385
14386
14387
14388
14389
14390
14391
14392
14393
14394
14395
14396
14397
14398
14399
14400
14401
14402
14403
14404
14405
14406
14407
14408
14409
14410
14411
14412
14413
14414
14415
14416
14417
14418
14419
14420
14421
14422
14423
14424
14425
14426
14427
14428
14429
14430
14431
14432
14433
14434
14435
14436
14437
14438
14439
14440
14441
14442
14443
14444
14445
14446
14447
14448
14449
14450
14451
14452
14453
14454
14455
14456
14457
14458
14459
14460
14461
14462
14463
14464
14465
14466
14467
14468
14469
14470
14471
14472
14473
14474
14475
14476
14477
14478
14479
14480
14481
14482
14483
14484
14485
14486
14487
14488
14489
14490
14491
14492
14493
14494
14495
14496
14497
14498
14499
14500
14501
14502
14503
14504
14505
14506
14507
14508
14509
14510
14511
14512
14513
14514
14515
14516
14517
14518
14519
14520
14521
14522
14523
14524
14525
14526
14527
14528
14529
14530
14531
14532
14533
14534
14535
14536
14537
14538
14539
14540
14541
14544
14545
14546
14547
14548
14549
14550
14551
14552
14553
14554
14555
14556
14557
14558
14559
14560
14561
14562
14563
14564
14565
14566
14567
14568
14569
14570
14571
14572
14573
14574
14575
14576
14577
14578
14579
14580
14581
14582
14583
14584
14585
14586
14587
14588
14589
14590
14591
14592
14593
14594
14595
14596
14597
14598
14599
14600
14601
14602
14603
14604
14605
14606
14607
14608
14609
14610
14611
14612
14613
14614
14615
14616
14617
14618
14619
14620
14621
14622
14623
14624
14625
14626
14627
14628
14629
14630
14631
14632
14633
14634
14635
14636
14637
14638
14639
14640
14641
14642
14643
14644
14645
14646
14647
14648
14649
14650
14651
14652
14653
14654
14655
14656
14657
14658
14659
14660
14661
14662
14663
14664
14665
14666
14667
14668
14669
14670
14671
14672
14673
14674
14675
14676
14677
14678
14679
14680
14681
14682
14683
14684
14685
14686
14687
14688
14689
14690
14691
14692
14693
14694
14695
14696
14697
14698
14699
14700
14701
14702
14703
14704
14705
14706
14707
14708
14709
14710
14711
14712
14713
14714
14715
14716
14717
14718
14719
14720
14721
14722
14723
14724
14725
14726
14727
14728
14729
14730
14731
14732
14733
14734
14735
14736
14737
14738
14739
14740
14741
14742
14743
14744
14745
14746
14747
14748
14749
14750
14751
14752
14753
14754
14755
14756
14757
14758
14759
14760
14761
14762
14763
14764
14765
14766
14767
14768
14769
14770
14771
14772
14773
14774
14775
14776
14777
14778
14779
14780
14781
14782
14783
14784
14785
14786
14787
14788
14789
14790
14791
14792
14794
14795
14797
15743
15744
15745
15746
15747
15748
15749
15750
15751
15752
15753
15754
15755
15756
15757
15758
15759
15760
15761
15762
15763
15764
15765
15766
15767
15768
15769
15770
15771
15772
15773
15774
15775
15776
15777
15778
15779
15780
15781
15782
15783
15784
15785
15786
15787
15788
15789
15790
15791
15792
15793
15794
15795
15796
15797
15798
15799
15800
15801
15802
15803
15804
15805
15806
15807
15808
15809
15810
15811
15812
15813
15814
15815
15816
15817
15818
15819
15820
15821
15822
15823
15824
15825
15826
15827
15828
15829
15830
15831
15832
15833
15834
15835
15836
15837
15838
15839
15840
15841
15842
15843
15844
15845
15846
15847
15848
15849
16048
16049
16050
16051
16052
16053
16054
16055
16056
16057
16058
16059
16060
16061
16062
16063
16064
16065
16066
16067
16068
16069
16070
16071
16072
16073
16074
16075
16076
16077
16078
16079
16080
3933
3934
3935
3936
3937
3938
3939
3940
3941
3942
3943
3944
3945
3946
3947
3948
3949
3950
3951
3952
3953
3954
3955
3956
3957
3958
3959
3960
3961
3962
3963
3964
3965
3966
3967
3968
3969
3970
3971
3972
9192
9193
9194
9195
9196
9197
9198
9199
9200
9201
9202
9203
9204
9205
9206
9207
9208
9209
9210
9211
9212
9213
9214
9215
9216
9217
9218
9219
9220
9221
9222
9223
9224
9225
9226
9227
9228
9229
9230
9231
9232
9233
9234
9235
9236
9237
9238
9239
9240
9241
9242
9243
9244
9245
9246
9247
9248
9249
9250
9251
9252
9253
9254
9255
9257
9258
9259
9260
9261
9262
9263
9264
9265
9266
9267
9268
9355
9521
9523
9524
9525
9526
9542
9543
9545
8885
8886
8887
8888
8889
8890
8891
8892
8893
8895
8897
8898
8899
8900
8901
8902
8903
8904
8905
8906
8907
8908
8909
8910
8911
8912
8914
8915
8916
8917
8918
8919
8920
8921
8922
8923
8924
8925
8926
8927
8928
8929
8930
8931
8932
8933
8934
8936
8937
8938
8941
8942
8943
8945
8946
8947
8948
8949
8950
8951
8952
8953
8954
8955
8956
8957
8958
8959
8960
8962
8963
8964
8965
8966
8967
8968
8969
8970
8972
8973
8974
8975
8977
8978
8979
8980
8981
8982
8983
8984
8985
8986
8987
8988
8989
8991
8992
8993
8994
8996
8997
8998
8999
9000
9001
9002
9003
9004
9005
9006
9007
9008
9009
9010
9012
9013
9014
9015
9016
9017
9018
9019
9020
9021
9022
9023
9024
9025
9026
9027
9028
9029
9030
9031
9033
9034
9035
9036
9037
9039
9041
9042
9043
9045
9046
9047
9048
9049
9050
9051
9052
9053
9054
9055
9056
9057
9058
9059
9060
9061
9062
9063
9064
9065
9066
9067
9068
9069
9070
9071
9072
9073
9074
9075
9076
9077
9078
9079
9080
9081
9082
9083
9084
9085
9086
9088
9089
9090
9091
9092
9093
9094
9095
9097
9098
9099
9100
9101
9102
9103
9104
9105
9106
9107
9108
9109
9110
9111
9112
9113
9114
9115
9117
9118
9119
9120
9121
9122
9123
9124
9125
9126
9127
9128
9130
9131
9132
9133
9134
9135
9136
9137
9138
9139
9140
9141
9142
9143
9144
9146
9147
9148
9149
9150
9151
9152
9153
9154
9155
9156
9157
9158
9159
9160
9161
9162
9163
9164
9165
9166
9167
9168
9169
9172
9174
9175
9176
9177
9178
9179
9180
9181
9182
9184
9185
9186
9187
9188
9189
9190
9191