153,1073696,381152,13291
154,203011,2060405,498
155,203009,2060406,160
156,203008,454675,159
157,203007,203006,158
158,203006,203007,157
159,454675,203008,156
160,2060406,203009,155
498,2060405,203011,154
13291,381152,1073696,153
500,381151,203011,154
501,381150,203009,155
9604,381149,203008,156
503,2060404,203007,157
9605,1484253,203006,158
13292,1484252,454675,159
9606,1484251,2060406,160
9607,1484250,2060405,498
509,1484249,381152,13291
512,1484248,381151,500
9608,1484247,381150,501
514,1484246,381149,9604
515,1484245,2060404,503
516,1578892,1484253,9605
9609,1578891,1484252,13292
9610,28275,1484251,9606
519,28274,1484250,9607
521,28273,1484249,509
9611,28270,1484248,512
9612,28269,1484247,9608
9613,28268,1484246,514
525,28267,1484245,515
9614,28286,1578892,516
9615,28284,1578891,9609
529,28283,28275,9610
9616,28282,28274,519
531,28280,28273,521
9617,28279,28270,9611
534,28278,28269,9612
535,28277,28268,9613
9618,292947,28267,525
9619,292946,28286,9614
9621,292945,28284,9615
12770,292944,28283,529
12771,292943,28282,9616
12772,292942,28280,531
12773,292941,28279,9617
12774,292940,28278,534
12775,292939,28277,535
12776,292938,292947,9618
12777,292937,292946,9619
12778,292936,292945,9621
12779,1326353,292944,12770
12780,1326352,292943,12771
12781,73053,292942,12772
12782,73052,292941,12773
12783,73051,292940,12774
11532,73050,292939,12775
11533,73049,292938,12776
11534,73047,292937,12777
11535,73046,292936,12778
11536,73045,1326353,12779
998997,73044,1326352,12780
998998,73043,73053,12781
11537,73042,73052,12782
11538,73041,73051,12783
11539,73040,73050,11532
11541,73039,73049,11533
11542,837195,73047,11534
11543,11503,73046,11535
87991,11502,73045,11536
87992,11501,73044,998997
87993,11500,73043,998998
87994,11499,73042,11537
87995,11498,73041,11538
11544,11497,73040,11539
11545,11496,73039,11541
11546,11495,837195,11542
11547,11494,11503,11543
11548,11493,11502,87991
11549,11492,11501,87992
11550,11491,11500,87993
11551,11490,11499,87994
11552,11489,11498,87995
9623,11487,11497,11544
11553,11486,11496,11545
11554,11485,11495,11546
11555,11484,11494,11547
11556,11483,11493,11548
11557,11482,11492,11549
11558,11481,11491,11550
9624,11480,11490,11551
588,11479,11489,11552
589,11478,11487,9623
9625,11477,11486,11553
591,11476,11485,11554
592,11475,11484,11555
593,11474,11483,11556
594,11473,11482,11557
9626,11472,11481,11558
9627,11471,11480,9624
9628,11469,11479,588
9629,11468,11478,589
599,11467,11477,9625
600,11466,11476,591
601,11465,11475,592
9630,11464,11474,593
603,11463,11473,594
9631,11461,11472,9626
605,11460,11471,9627
9632,11459,11469,9628
9633,9115,11468,9629
9634,9114,11467,599
9635,9113,11466,600
610,9112,11465,601
611,9111,11464,9630
9636,9110,11463,603
9637,9109,11461,9631
9638,9108,11460,605
9639,9107,11459,9632
9640,9105,9115,9633
9641,9104,9114,9634
9642,9103,9113,9635
620,9102,9112,610
621,9101,9111,611
622,9100,9110,9636
9643,9099,9109,9637
9644,9098,9108,9638
9645,9097,9107,9639
9622,9095,9105,9640
9646,9094,9104,9641
9647,9093,9103,9642
629,9092,9102,620
9648,9091,9101,621
161,9090,9100,622
162,11458,9099,9643
163,11457,9098,9644
164,11456,9097,9645
165,11455,9095,9622
166,11454,9094,9646
167,11451,9093,9647
168,11449,9092,629
169,11448,9091,9648
170,11447,9090,161
171,11446,11458,162
172,11445,11457,163
173,11444,11456,164
174,11443,11455,165
175,11442,11454,166
176,11441,11451,167
177,11440,11449,168
178,11439,11448,169
179,11438,11447,170
180,11437,11446,171
181,11436,11445,172
182,11435,11444,173
183,11433,11443,174
184,11432,11442,175
185,11431,11441,176
186,11430,11440,177
187,11429,11439,178
188,11428,11438,179
189,11427,11437,180
190,11426,11436,181
191,11425,11435,182
192,11424,11433,183
193,11423,11432,184
194,11422,11431,185
195,11421,11430,186
196,11420,11429,187
197,11419,11428,188
198,11418,11427,189
199,11417,11426,190
200,11416,11425,191
201,11415,11424,192
202,11414,11423,193
203,10836,11422,194
204,10835,11421,195
205,10834,11420,196
11528,10831,11419,197
11529,10830,11418,198
11531,10828,11417,199
543,10827,11416,200
13282,10826,11415,201
12386,10825,11414,202
13283,10824,10836,203
12388,10823,10835,204
12389,10822,10834,205
12390,10821,10831,11528
12391,10820,10830,11529
551,10819,10828,11531
13290,10818,10827,543
553,10817,10826,13282
554,10815,10825,12386
555,10814,10824,13283
13284,10813,10823,12388
557,10812,10822,12389
13285,10809,10821,12390
12393,11413,10820,12391
560,11412,10819,551
13286,11410,10818,13290
562,11409,10817,553
563,11408,10815,554
564,11407,10814,555
13287,11406,10813,13284
566,11405,10812,557
13288,11404,10809,13285
9602,11403,11413,12393
570,11402,11412,560
571,11401,11410,13286
572,11400,11409,562
13289,11399,11408,563
9603,11398,11407,564
577,11397,11406,13287
12396,11396,11405,566
12414,11394,11404,13288
579,11393,11403,9602
580,11392,11402,570
584,11391,11401,571
119,11390,11400,572
120,11389,11399,13289
121,11388,11398,9603
122,11387,11397,577
123,11386,11396,12396
124,11385,11394,12414
125,11384,11393,579
126,11383,11392,580
127,11382,11391,584
128,11381,11390,119
129,11380,11389,120
130,11379,11388,121
131,11378,11387,122
132,11377,11386,123
133,11376,11385,124
134,11374,11384,125
135,11373,11383,126
136,11372,11382,127
137,11371,11381,128
138,11370,11380,129
139,11369,11379,130
140,12561,11378,131
141,12560,11377,132
142,12559,11376,133
143,12558,11374,134
144,12557,11373,135
145,13299,11372,136
146,13298,11371,137
147,13297,11370,138
148,13296,11369,139
149,12531,12561,140
150,12529,12560,141
151,12528,12559,142
152,12527,12558,143
300,12526,12557,144
301,12525,13299,145
302,12524,13298,146
303,12523,13297,147
304,12522,13296,148
305,12521,12531,149
306,12520,12529,150
307,10808,12528,151
308,10807,12527,152
309,10805,12526,300
310,10804,12525,301
311,10803,12524,302
312,10802,12523,303
313,10801,12522,304
314,10799,12521,305
315,10797,12520,306
316,10792,10808,307
317,10790,10807,308
318,10789,10805,309
319,10788,10804,310
320,10787,10803,311
321,10786,10802,312
322,10785,10801,313
323,10784,10799,314
324,10783,10797,315
325,10782,10792,316
326,10781,10790,317
327,10780,10789,318
328,10779,10788,319
329,10778,10787,320
330,10777,10786,321
331,10775,10785,322
332,10774,10784,323
333,10772,10783,324
334,10771,10782,325
335,10770,10781,326
336,10769,10780,327
337,10767,10779,328
338,10765,10778,329
339,10764,10777,330
340,11368,10775,331
341,11367,10774,332
9649,11366,10772,333
9991,11365,10771,334
10064,11364,10770,335
10065,11363,10769,336
730,11362,10767,337
10066,11361,10765,338
733,11360,10764,339
734,11358,11368,340
10067,11357,11367,341
736,11356,11366,9649
10068,11355,11365,9991
10069,11354,11364,10064
10070,11353,11363,10065
10071,11352,11362,730
10072,11351,11361,10066
746,11350,11360,733
747,11349,11358,734
10073,11348,11357,10067
10074,11347,11356,736
10075,11346,11355,10068
752,11345,11354,10069
10076,11344,11353,10070
10077,11343,11352,10071
10078,11342,11351,10072
757,11341,11350,746
758,11340,11349,747
759,11339,11348,10073
760,11338,11347,10074
763,11337,11346,10075
12789,11336,11345,752
12790,11335,11344,10076
12791,11334,11343,10077
12792,11333,11342,10078
12793,11331,11341,757
12794,11330,11340,758
12795,11329,11339,759
12796,11328,11338,760
12797,11327,11337,763
12798,11326,11336,12789
12799,11325,11335,12790
11601,11324,11334,12791
11602,11323,11333,12792
11603,12556,11331,12793
11604,12555,11330,12794
11605,12554,11329,12795
11606,12553,11328,12796
11607,12552,11327,12797
11608,12551,11326,12798
771,12550,11325,12799
10082,12549,11324,11601
10083,12548,11323,11602
10084,12547,12556,11603
10085,12545,12555,11604
776,12544,12554,11605
777,12543,12553,11606
778,12542,12552,11607
780,12541,12551,11608
10086,12540,12550,771
10087,12539,12549,10082
10088,12538,12548,10083
10089,12537,12547,10084
785,12536,12545,10085
10090,12535,12544,776
10091,12534,12543,777
789,12533,12542,778
790,12532,12541,780
791,763705,12540,10086
10092,763704,12539,10087
10093,12546,12538,10088
10094,12519,12537,10089
10095,12518,12536,785
10096,12517,12535,10090
797,12516,12534,10091
10097,12515,12533,789
10098,12514,12532,790
10099,12513,763705,791
802,12512,763704,10092
10100,10763,12546,10093
10101,10761,12519,10094
806,10760,12518,10095
10102,10759,12517,10096
10103,10758,12516,797
10104,10757,12515,10097
10105,10756,12514,10098
10106,10755,12513,10099
812,10753,12512,802
814,10752,10763,10100
12784,10751,10761,10101
12785,10750,10760,806
12786,10749,10759,10102
12787,10748,10758,10103
12788,10746,10757,10104
10107,10745,10756,10105
816,10744,10755,10106
342,10743,10753,812
343,10742,10752,814
344,10740,10751,12784
345,10738,10750,12785
346,10737,10749,12786
347,10736,10748,12787
348,10735,10746,12788
349,10732,10745,10107
350,10731,10744,816
351,10730,10743,342
352,10729,10742,343
353,10728,10740,344
354,10727,10738,345
355,10726,10737,346
356,10725,10736,347
357,10724,10735,348
358,10722,10732,349
359,10721,10731,350
360,10720,10730,351
361,10719,10729,352
362,11322,10728,353
363,11321,10727,354
364,11320,10726,355
365,11319,10725,356
366,11318,10724,357
367,11317,10722,358
368,11316,10721,359
369,11315,10720,360
370,11314,10719,361
371,11313,11322,362
10109,11312,11321,363
10110,11311,11320,364
10111,11310,11319,365
10112,11309,11318,366
10113,11308,11317,367
10114,11307,11316,368
10115,11306,11315,369
645,11304,11314,370
654,11302,11313,371
663,11301,11312,10109
666,11300,11311,10110
10108,11299,11310,10111
206,11298,11309,10112
11609,11297,11308,10113
11610,11296,11307,10114
11611,11295,11306,10115
11612,11294,11304,645
11613,11293,11302,654
11614,11291,11301,663
11615,11290,11300,666
11616,11289,11299,10108
11617,11288,11298,206
11618,11287,11297,11609
11619,11286,11296,11610
11620,11285,11295,11611
11621,11284,11294,11612
11622,11283,11293,11613
11623,11282,11291,11614
11624,11281,11290,11615
11625,11280,11289,11616
11626,11279,11288,11617
11627,12511,11287,11618
11628,12510,11286,11619
207,12509,11285,11620
208,12508,11284,11621
209,12507,11283,11622
210,12506,11282,11623
211,12505,11281,11624
212,12504,11280,11625
213,12503,11279,11626
214,12502,12511,11627
215,12500,12510,11628
216,12499,12509,207
217,10718,12508,208
218,10717,12507,209
219,10716,12506,210
220,10715,12505,211
221,10714,12504,212
222,10713,12503,213
223,10712,12502,214
224,10711,12500,215
225,10710,12499,216
226,10708,10718,217
227,10707,10717,218
228,10706,10716,219
229,10705,10715,220
230,10703,10714,221
231,10702,10713,222
232,10701,10712,223
233,10700,10711,224
234,10699,10710,225
235,10698,10708,226
236,10697,10707,227
237,10696,10706,228
238,10693,10705,229
239,10692,10703,230
240,10691,10702,231
241,10690,10701,232
242,10689,10700,233
243,10688,10699,234
244,10686,10698,235
245,10685,10697,236
246,10684,10696,237
11560,10683,10693,238
11561,10682,10692,239
247,10677,10691,240
248,10675,10690,241
249,11277,10689,242
250,11276,10688,243
251,11274,10686,244
675445,11273,10685,245
11562,11272,10684,246
11563,11271,10683,11560
11564,11270,10682,11561
680,11269,10677,247
686,11268,10675,248
695,11267,11277,249
696,11266,11276,250
698,11265,11274,251
699,11264,11273,675445
703,11263,11272,11562
704,11262,11271,11563
707,11261,11270,11564
708,11260,11269,680
710,11259,11268,686
711,11258,11267,695
712,11246,11266,696
716,11245,11265,698
718,11244,11264,699
720,11242,11263,703
252,11241,11262,704
11565,11240,11261,707
11566,11239,11260,708
11567,11238,11259,710
11568,11237,11258,711
11569,11236,11246,712
11570,11235,11245,716
11571,11234,11244,718
11572,11233,11242,720
11573,11231,11241,252
11574,11230,11240,11565
11575,12139,11239,11566
11576,12138,11238,11567
11577,8814,11237,11568
11578,8813,11236,11569
11579,8812,11235,11570
11580,12137,11234,11571
253,12136,11233,11572
254,9545,11231,11573
255,12134,11230,11574
256,9543,12139,11575
257,9542,12138,11576
258,12133,8814,11577
259,12132,8813,11578
260,12131,8812,11579
261,12130,12137,11580
262,12129,12136,253
263,12128,9545,254
264,12127,12134,255
265,12126,9543,256
266,12125,9542,257
267,12124,12133,258
268,12123,12132,259
269,12122,12131,260
270,12121,12130,261
271,12120,12129,262
272,12119,12128,263
273,9526,12127,264
274,9525,12126,265
275,9524,12125,266
276,9523,12124,267
277,12118,12123,268
278,9521,12122,269
279,12116,12121,270
280,12115,12120,271
281,12114,12119,272
282,12113,9526,273
283,12112,9525,274
284,12111,9524,275
285,12110,9523,276
286,12378,12118,277
287,12377,9521,278
288,12376,12116,279
289,12375,12115,280
290,12374,12114,281
291,8811,12113,282
11581,8810,12112,283
11582,8809,12111,284
11583,8808,12110,285
11584,8807,12378,286
292,8806,12377,287
293,8805,12376,288
294,8804,12375,289
295,8803,12374,290
296,8802,8811,291
297,8801,8810,11581
1231003,8800,8809,11582
1231004,8799,8808,11583
1231005,8798,8807,11584
11585,12373,8806,292
11586,8796,8805,293
11587,8795,8804,294
11588,8794,8803,295
11589,8793,8802,296
1909873,8792,8801,297
1909874,8791,8800,1231003
11590,8790,8799,1231004
11591,8789,8798,1231005
11593,8788,12373,11585
299,8787,8796,11586
11592,8786,8795,11587
11594,8785,8794,11588
11595,8784,8793,11589
11596,12372,8792,1909873
11597,8782,8791,1909874
11598,8781,8790,11590
11599,8780,8789,11591
11600,8779,8788,11593
919,12371,8787,299
927,8777,8786,11592
933,8776,8785,11594
935,12299,8784,11595
944,8775,12372,11596
945,8774,8782,11597
6341,8773,8781,11598
954,8772,8780,11599
6342,8771,8779,11600
6343,8770,12371,919
6344,8769,8777,927
6345,8768,8776,933
6346,12298,12299,935
6347,12297,8775,944
6348,12296,8774,945
6349,12295,8773,6341
6350,12294,8772,954
6351,12293,8771,6342
6352,12292,8770,6343
6353,12291,8769,6344
6354,9260,8768,6345
6355,12290,12298,6346
6356,12289,12297,6347
6357,12288,12296,6348
6358,12287,12295,6349
6359,12286,12294,6350
6360,12285,12293,6351
6361,12284,12292,6352
12800,12283,12291,6353
12801,12282,9260,6354
12802,12281,12290,6355
12803,12280,12289,6356
12804,12279,12288,6357
12805,12278,12287,6358
12806,12277,12286,6359
12835,12276,12285,6360
6362,12275,12284,6361
1167,12274,12283,12800
1169,12273,12282,12801
12401,12272,12281,12802
12402,12271,12280,12803
12403,12270,12279,12804
12404,12269,12278,12805
12405,12268,12277,12806
6363,12109,12276,12835
6364,12108,12275,6362
6365,12107,12274,1167
6366,12106,12273,1169
6367,12104,12272,12401
1127,9355,12271,12402
1128,12103,12270,12403
1129,12102,12269,12404
1132,12101,12268,12405
1137,12100,12109,6363
1138,12099,12108,6364
1139,12098,12107,6365
1142,12097,12106,6366
1146,12096,12104,6367
1149,12095,9355,1127
1150,12094,12103,1128
1151,12093,12102,1129
1152,12091,12101,1132
1155,9072,12100,1137
1163,9071,12099,1138
1164,9070,12098,1139
6368,9069,12097,1142
6369,9068,12096,1146
6370,9067,12095,1149
6371,9066,12094,1150
6372,9065,12093,1151
6373,9064,12091,1152
6374,9063,9072,1155
6375,9062,9071,1163
6376,9061,9070,1164
12807,9060,9069,6368
12808,9059,9068,6369
12809,9058,9067,6370
12810,9057,9066,6371
12811,9056,9065,6372
12812,9055,9064,6373
12813,9054,9063,6374
12814,9053,9062,6375
12815,9052,9061,6376
12816,9051,9060,12807
12817,9050,9059,12808
12818,9049,9058,12809
6377,9048,9057,12810
6378,9047,9056,12811
6379,9046,9055,12812
6380,9045,9054,12813
6381,9043,9053,12814
6382,9042,9052,12815
12819,9041,9051,12816
12820,12325,9050,12817
12821,9039,9049,12818
12822,12324,9048,6377
12823,9037,9047,6378
12824,9036,9046,6379
12825,9035,9045,6380
12826,9034,9043,6381
956,9033,9042,6382
957,12323,9041,12819
960,9031,12325,12820
962,9030,9039,12821
964,12322,12324,12822
965,12321,9037,12823
969,12320,9036,12824
971,12319,9035,12825
972,12318,9034,12826
974,12317,9033,956
976,12316,12323,957
978,12315,9031,960
980,12314,9030,962
982,12313,12322,964
990,12312,12321,965
995,12311,12320,969
997,12310,12319,971
999,12309,12318,972
6383,12308,12317,974
6384,12307,12316,976
6385,12306,12315,978
6386,12267,12314,980
6387,12266,12313,982
6388,12265,12312,990
6389,12264,12311,995
6390,12263,12310,997
6391,12262,12309,999
6392,12261,12308,6383
6393,12260,12307,6384
6394,12259,12306,6385
6395,12258,12267,6386
6396,12257,12266,6387
6397,12256,12265,6388
6398,12255,12264,6389
6399,12254,12263,6390
6400,12253,12262,6391
6401,12252,12261,6392
6402,12251,12260,6393
6403,12250,12259,6394
6405,12249,12258,6395
12397,12248,12257,6396
12415,12247,12256,6397
820,12246,12255,6398
822,12245,12254,6399
823,12244,12253,6400
826,12243,12252,6401
833,9029,12251,6402
834,9028,12250,6403
836,9027,12249,6405
841,9026,12248,12397
842,9025,12247,12415
847,9024,12246,820
849,9023,12245,822
853,9022,12244,823
854,9021,12243,826
855,9020,9029,833
860,9019,9028,834
861,9018,9027,836
862,9017,9026,841
6404,9016,9025,842
6406,9015,9024,847
6407,9014,9023,849
6408,12092,9022,853
6409,12090,9021,854
6410,9013,9020,855
6411,9012,9019,860
6412,12089,9018,861
6413,9010,9017,862
6414,9009,9016,6404
6415,9008,9015,6406
6416,9007,9014,6407
6417,9006,12092,6408
6418,9005,12090,6409
6419,9004,9013,6410
6420,9003,9012,6411
6421,9002,12089,6412
6422,9001,9010,6413
6423,9000,9009,6414
6424,8999,9008,6415
1049,8998,9007,6416
1050,8997,9006,6417
1051,8996,9005,6418
1052,12088,9004,6419
1057,8994,9003,6420
1058,8992,9002,6421
1059,8991,9001,6422
1061,8989,9000,6423
1064,8988,8999,6424
1065,8987,8998,1049
1067,12087,8997,1050
1068,12085,8996,1051
1069,12084,12088,1052
1070,12083,8994,1057
1071,12082,8992,1058
1072,12081,8991,1059
1073,12080,8989,1061
1074,12079,8988,1064
1075,12078,8987,1065
11629,12077,12087,1067
11630,12075,12085,1068
11631,12370,12084,1069
11632,12369,12083,1070
869,12368,12082,1071
875,12367,12081,1072
876,12366,12080,1073
878,12365,12079,1074
886,12364,12078,1075
888,12363,12077,11629
889,12362,12075,11630
891,12361,12370,11631
897,12360,12369,11632
905,12359,12368,869
906,12358,12367,875
6425,12357,12366,876
909,12356,12365,878
6426,12355,12364,886
6427,12353,12363,888
6428,12352,12362,889
6429,12351,12361,891
6430,12350,12360,897
6431,9268,12359,905
6432,9267,12358,906
6433,9265,12357,6425
6434,9263,12356,909
6435,9262,12355,6426
6436,9261,12353,6427
6437,8986,12352,6428
6438,8985,12351,6429
6439,8984,12350,6430
6440,8983,9268,6431
6441,8982,9267,6432
6442,8981,9265,6433
6443,8980,9263,6434
6444,8979,9262,6435
6445,8978,9261,6436
12827,8977,8986,6437
12828,8975,8985,6438
12829,12413,8984,6439
12830,8974,8983,6440
12831,8973,8982,6441
12832,8972,8981,6442
12833,12242,8980,6443
12834,8970,8979,6444
12837,8969,8978,6445
6446,8967,8977,12827
1076,8966,8975,12828
1077,8965,12413,12829
1080,8964,8974,12830
1081,8963,8973,12831
1085,8962,8972,12832
1086,12241,12242,12833
1087,8960,8970,12834
1090,8959,8969,12837
1093,8958,8967,6446
1095,8957,8966,1076
1101,8956,8965,1077
1110,8955,8964,1080
1116,8954,8963,1081
1118,8953,8962,1085
6447,8952,12241,1086
6448,8951,8960,1087
6449,8950,8959,1090
6450,8949,8958,1093
6451,8948,8957,1095
6452,8947,8956,1101
6453,8946,8955,1110
6454,8945,8954,1116
6455,12240,8953,1118
6456,8943,8952,6447
6457,12239,8951,6448
6458,12238,8950,6449
6459,12237,8949,6450
6460,12236,8948,6451
6461,12235,8947,6452
6462,12234,8946,6453
12836,12233,8945,6454
12838,12232,12240,6455
12839,12231,8943,6456
12840,12074,12239,6457
12841,12073,12238,6458
12842,12072,12237,6459
12843,12071,12236,6460
12844,12070,12235,6461
12845,12069,12234,6462
12846,12068,12233,12836
6463,12067,12232,12838
6467,12066,12231,12839
11633,12065,12074,12840
10079,12064,12073,12841
10080,12063,12072,12842
10081,12062,12071,12843
298,12061,12070,12844
12399,12060,12069,12845
12400,12059,12068,12846
13236,12058,12067,6463
13237,12057,12066,6467
13238,12056,12065,11633
13240,12055,12064,10079
13241,12054,12063,10080
13242,12053,12062,10081
13243,12052,12061,298
13245,12051,12060,12399
13247,12050,12059,12400
13248,12048,12058,13236
13249,12047,12057,13237
13250,12046,12056,13238
13251,12045,12055,13240
13252,12044,12054,13241
13253,12043,12053,13242
13254,12042,12052,13243
13255,12041,12051,13245
13256,12040,12050,13247
13257,8942,12048,13248
13258,8941,12047,13249
13259,12039,12046,13250
13260,12038,12045,13251
13261,8938,12044,13252
13262,8937,12043,13253
13263,8936,12042,13254
13264,12385,12041,13255
13265,8934,12040,13256
13266,8933,8942,13257
13234,8932,8941,13258
13235,8931,12039,13259
496,8930,12038,13260
3957,8929,8938,13261
3958,8928,8937,13262
3959,8927,8936,13263
3960,8926,12385,13264
3961,8925,8934,13265
3962,8924,8933,13266
12003,8923,8932,13234
3963,8922,8931,13235
3964,8921,8930,496
3965,8920,8929,3957
3966,8919,8928,3958
3967,8918,8927,3959
3968,8917,8926,3960
3969,8916,8925,3961
3970,8915,8924,3962
3971,8914,8923,12003
3972,12384,8922,3963
6471,8912,8921,3964
6472,8911,8920,3965
6473,8910,8919,3966
6474,8909,8918,3967
6475,8908,8917,3968
6476,8907,8916,3969
6477,8906,8915,3970
6478,8905,8914,3971
6479,8904,12384,3972
6480,8903,8912,6471
6481,8902,8911,6472
6482,8901,8910,6473
6483,8900,8909,6474
6484,8899,8908,6475
6485,12383,8907,6476
6486,12382,8906,6477
6487,12380,8905,6478
6488,12379,8904,6479
6489,12230,8903,6480
6490,12229,8902,6481
6491,12228,8901,6482
6492,12227,8900,6483
6493,12226,8899,6484
6494,12225,12383,6485
6495,12224,12382,6486
6496,12223,12380,6487
6497,12222,12379,6488
6498,12221,12230,6489
6499,12220,12229,6490
6500,12219,12228,6491
6501,12218,12227,6492
6502,12217,12226,6493
6503,12216,12225,6494
6504,12215,12224,6495
6505,12214,12223,6496
6506,12213,12222,6497
6507,12212,12221,6498
6508,12211,12220,6499
6509,12210,12219,6500
6510,12209,12218,6501
6511,12207,12217,6502
6512,12206,12216,6503
6513,12205,12215,6504
6514,12204,12214,6505
6515,12203,12213,6506
6516,12202,12212,6507
6517,12201,12211,6508
6518,12200,12210,6509
6519,12199,12209,6510
6520,12198,12207,6511
6521,12196,12206,6512
6522,12195,12205,6513
6523,12194,12204,6514
6524,12193,12203,6515
6525,12192,12202,6516
6526,8898,12201,6517
6527,8897,12200,6518
6528,8895,12199,6519
6530,8893,12198,6520
6531,8892,12196,6521
6532,8891,12195,6522
6533,8890,12194,6523
13268,8889,12193,6524
13270,8888,12192,6525
13271,8887,8898,6526
13272,8886,8897,6527
13273,8885,8895,6528
13274,8884,8893,6530
13275,8883,8892,6531
13276,8882,8891,6532
13277,8881,8890,6533
13278,8880,8889,13268
13279,8879,8888,13270
13280,8878,8887,13271
13306,8877,8886,13272
13307,8876,8885,13273
9650,8875,8884,13274
9651,8874,8883,13275
9652,8873,8882,13276
9653,8872,8881,13277
9654,8871,8880,13278
9655,8870,8879,13279
9656,8868,8878,13280
9657,8867,8877,13306
9658,8866,8876,13307
9659,8865,8875,9650
9660,8864,8874,9651
9661,8862,8873,9652
6534,8861,8872,9653
6535,8860,8871,9654
6536,8859,8870,9655
13267,8858,8868,9656
6537,8857,8867,9657
6538,8856,8866,9658
6539,12349,8865,9659
6540,9089,8864,9660
6541,9088,8862,9661
6542,12348,8861,6534
6543,9086,8860,6535
6544,9085,8859,6536
6545,9084,8858,13267
6546,9083,8857,6537
6547,9082,8856,6538
6548,9081,12349,6539
6549,9080,9089,6540
6550,9079,9088,6541
6551,9078,12348,6542
6552,9077,9086,6543
6553,9076,9085,6544
6554,9075,9084,6545
6555,9074,9083,6546
6556,9073,9082,6547
6557,12346,9081,6548
6558,12345,9080,6549
6559,12344,9079,6550
6560,12343,9078,6551
6561,12342,9077,6552
6562,12341,9076,6553
6563,12340,9075,6554
6564,12339,9074,6555
6565,12338,9073,6556
6566,12337,12346,6557
6567,12336,12345,6558
6568,12335,12344,6559
6569,12334,12343,6560
6570,12333,12342,6561
6571,12331,12341,6562
6572,12330,12340,6563
6573,12329,12339,6564
6574,12328,12338,6565
6575,12327,12337,6566
6576,12305,12336,6567
6577,12191,12335,6568
6578,12190,12334,6569
6579,12189,12333,6570
6580,12188,12331,6571
12004,12187,12330,6572
12005,12186,12329,6573
6581,12185,12328,6574
12006,12184,12327,6575
6582,12183,12305,6576
6583,12182,12191,6577
6584,12181,12190,6578
6585,12180,12189,6579
6586,12179,12188,6580
6587,12178,12187,12004
1002,12177,12186,12005
6588,12176,12185,6581
1005,12175,12184,12006
1007,12174,12183,6582
6589,12173,12182,6583
1009,12172,12181,6584
1010,12171,12180,6585
6590,12170,12179,6586
6591,12169,12178,6587
1013,12168,12177,1002
6592,12167,12176,6588
1015,12166,12175,1005
6593,12165,12174,1007
1019,12164,12173,6589
1020,12163,12172,1009
6594,12162,12171,1010
6595,12161,12170,6590
1023,12160,12169,6591
6596,12159,12168,1013
1025,12158,12167,6592
6597,12157,12166,1015
6598,12156,12165,6593
6599,12155,12164,1019
1031,12153,12163,1020
1032,12152,12162,6594
6600,8855,12161,6595
1036,8854,12160,1023
1039,8853,12159,6596
1041,8852,12158,1025
1042,8851,12157,6597
1044,8850,12156,6598
1045,8849,12155,6599
1046,8847,12153,1031
12908,8846,12152,1032
12909,8845,8855,6600
12910,8844,8854,1036
12911,8843,8853,1039
12912,8842,8852,1041
12913,8841,8851,1042
12914,8840,8850,1044
12915,8839,8849,1045
12916,8838,8847,1046
1047,8837,8846,12908
1213,8835,8845,12909
1214,8834,8844,12910
1215,8833,8843,12911
1216,8832,8842,12912
1217,8831,8841,12913
1218,8830,8840,12914
1219,8829,8839,12915
1220,8828,8838,12916
1221,8827,8837,1047
1222,8826,8835,1213
1223,8824,8834,1214
1224,8823,8833,1215
1225,8822,8832,1216
1226,8821,8831,1217
1227,8820,8830,1218
1228,8819,8829,1219
1229,8818,8828,1220
1230,8817,8827,1221
1231,11527,8826,1222
1232,11526,8824,1223
1233,11525,8823,1224
1234,9130,8822,1225
1235,9128,8821,1226
1236,9127,8820,1227
1237,9126,8819,1228
1238,9125,8818,1229
1239,9124,8817,1230
1240,9123,11527,1231
1241,9122,11526,1232
1242,9121,11525,1233
1243,9120,9130,1234
1244,9119,9128,1235
1245,9118,9127,1236
1246,9117,9126,1237
1247,3109,9125,1238
1248,3108,9124,1239
1249,12304,9123,1240
1250,3106,9122,1241
1251,3105,9121,1242
1252,3104,9120,1243
1253,3103,9119,1244
1254,3102,9118,1245
1255,3101,9117,1246
1256,3099,3109,1247
13303,3098,3108,1248
6464,3097,12304,1249
13304,3096,3106,1250
13326,3095,3105,1251
13328,12303,3104,1252
13329,3093,3103,1253
13330,3092,3102,1254
6465,3091,3101,1255
6466,3089,3099,1256
6468,3088,3098,13303
6469,3087,3097,6464
6470,3085,3096,13304
12847,3084,3095,13326
12848,3082,12303,13328
12849,3081,3093,13329
12850,11232,3092,13330
12851,11226,3091,6465
12852,11225,3089,6466
12853,11224,3088,6468
12854,11222,3087,6469
12855,11221,3085,6470
12856,11220,3084,12847
12857,11219,3082,12848
12858,11218,3081,12849
12859,11217,11232,12850
12860,11216,11226,12851
12861,11215,11225,12852
12862,3197,11224,12853
12863,3196,11222,12854
12864,3195,11221,12855
12865,3193,11220,12856
12866,3192,11219,12857
12867,3190,11218,12858
12868,3189,11217,12859
12869,3188,11216,12860
12871,3187,11215,12861
12872,3186,3197,12862
12873,3184,3196,12863
12874,3183,3195,12864
12875,3182,3193,12865
12876,3181,3192,12866
12877,3180,3190,12867
12878,3179,3189,12868
12879,3178,3188,12869
12880,3176,3187,12871
12881,3175,3186,12872
12882,3174,3184,12873
12883,3173,3183,12874
1257,3172,3182,12875
1258,3171,3181,12876
1259,3170,3180,12877
12884,3169,3179,12878
12885,3168,3178,12879
12886,3167,3176,12880
12887,3166,3175,12881
12888,3165,3174,12882
12889,3164,3173,12883
12890,3163,3172,1257
12891,3162,3171,1258
12892,3161,3170,1259
12893,3160,3169,12884
12894,3159,3168,12885
12895,3157,3167,12886
12896,3156,3166,12887
12897,3155,3165,12888
12898,3154,3164,12889
12899,3153,3163,12890
1172,9259,3162,12891
1173,9258,3161,12892
13230,9257,3160,12893
1176,9255,3159,12894
1177,9254,3157,12895
13231,9253,3156,12896
1179,9252,3155,12897
1180,9251,3154,12898
1181,9250,3153,12899
13232,9249,9259,1172
1186,9248,9258,1173
1187,9247,9257,13230
13233,9246,9255,1176
1192,9245,9254,1177
1193,9244,9253,13231
1194,9243,9252,1179
1195,9242,9251,1180
1196,9241,9250,1181
1197,9240,9249,13232
1198,9239,9248,1186
1199,9238,9247,1187
1200,9237,9246,13233
1201,9236,9245,1192
1202,9235,9244,1193
1203,9234,9243,1194
1204,9233,9242,1195
1205,9232,9241,1196
1206,9231,9240,1197
1207,9230,9239,1198
1208,9229,9238,1199
1209,9228,9237,1200
1210,11214,9236,1201
1211,11213,9235,1202
1212,11211,9234,1203
12900,11210,9233,1204
12901,11209,9232,1205
12902,11208,9231,1206
12903,11207,9230,1207
12904,11206,9229,1208
12905,11205,9228,1209
12906,11204,11214,1210
12907,11203,11213,1211
6727,11202,11211,1212
6728,11201,11210,12900
6729,9227,11209,12901
6730,9226,11208,12902
6731,9225,11207,12903
6732,9224,11206,12904
6733,9223,11205,12905
6734,9222,11204,12906
6735,9221,11203,12907
6736,9220,11202,6727
12917,9219,11201,6728
12918,9218,9227,6729
12919,9217,9226,6730
12920,3152,9225,6731
12921,3150,9224,6732
12029,3149,9223,6733
12922,3148,9222,6734
12923,3147,9221,6735
12032,3144,9220,6736
12033,3143,9219,12917
12034,3142,9218,12918
12035,3140,9217,12919
12036,3139,3152,12920
12924,3138,3150,12921
12925,3137,3149,12029
12926,3136,3148,12922
12927,3135,3147,12923
12928,3134,3144,12032
12929,3133,3143,12033
12930,3132,3142,12034
12941,3130,3140,12035
6688,3129,3139,12036
6689,3128,3138,12924
6690,3127,3137,12925
6691,3126,3136,12926
6692,3125,3135,12927
6693,3124,3134,12928
6694,3123,3133,12929
6695,3122,3132,12930
6696,3121,3130,12941
6697,3120,3129,6688
6703,3119,3128,6689
12948,3118,3127,6690
12949,3116,3126,6691
12952,3115,3125,6692
12953,3113,3124,6693
3398,3112,3123,6694
3399,3110,3122,6695
3400,8767,3121,6696
3401,8766,3120,6697
3402,8765,3119,6703
3403,8764,3118,12948
3404,8763,3116,12949
3405,8762,3115,12952
3406,8761,3113,12953
3407,8760,3112,3398
3408,8759,3110,3399
3409,8758,8767,3400
3410,8757,8766,3401
3411,8756,8765,3402
3412,8755,8764,3403
3413,8754,8763,3404
3414,8753,8762,3405
3415,8752,8761,3406
3416,8751,8760,3407
3417,8750,8759,3408
3418,8749,8758,3409
3419,8748,8757,3410
3420,8747,8756,3411
3421,8744,8755,3412
3422,8743,8754,3413
3423,8742,8753,3414
3424,8741,8752,3415
3425,8739,8751,3416
3426,8738,8750,3417
3427,8737,8749,3418
3428,8736,8748,3419
3429,8735,8747,3420
3430,8734,8744,3421
3431,8733,8743,3422
3432,8731,8742,3423
3433,8729,8741,3424
3434,8728,8739,3425
3435,8727,8738,3426
3436,8726,8737,3427
6737,8725,8736,3428
6738,12151,8735,3429
6739,12150,8734,3430
6740,9216,8733,3431
6741,9215,8731,3432
6742,9214,8729,3433
6743,9213,8728,3434
6744,9212,8727,3435
6745,9211,8726,3436
6746,9210,8725,6737
6747,9209,12151,6738
6748,9208,12150,6739
6749,9207,9216,6740
6750,9206,9215,6741
6751,9205,9214,6742
6752,9204,9213,6743
6753,9203,9212,6744
6754,9202,9211,6745
6755,9201,9210,6746
6756,9200,9209,6747
6757,9199,9208,6748
6758,9198,9207,6749
6759,9197,9206,6750
6760,9196,9205,6751
6761,9195,9204,6752
6762,9194,9203,6753
6763,9193,9202,6754
6764,9192,9201,6755
6765,9191,9200,6756
6766,9190,9199,6757
6767,9189,9198,6758
6768,9188,9197,6759
6769,9187,9196,6760
6770,9186,9195,6761
6771,9185,9194,6762
6772,9184,9193,6763
6773,9182,9192,6764
6774,9181,9191,6765
6775,9180,9190,6766
6776,12037,9189,6767
6777,11524,9188,6768
6778,11523,9187,6769
6779,11522,9186,6770
6780,11521,9185,6771
6781,11520,9184,6772
6782,11519,9182,6773
6783,11518,9181,6774
6784,11517,9180,6775
6785,11515,12037,6776
6786,11514,11524,6777
6787,11513,11523,6778
6788,11511,11522,6779
6789,11510,11521,6780
6811,11509,11520,6781
12406,11508,11519,6782
6813,11507,11518,6783
6815,11506,11517,6784
6816,11505,11515,6785
12407,9179,11514,6786
12409,9178,11513,6787
12411,9177,11511,6788
12412,9176,11510,6789
12416,9175,11509,6811
12417,9174,11508,12406
13310,9172,11507,6813
13311,9169,11506,6815
13312,9168,11505,6816
13313,6000,9179,12407
10367,5999,9178,12409
6818,12302,9177,12411
6819,5996,9176,12412
6820,5995,9175,12416
6821,12301,9174,12417
6822,5993,9172,13310
6823,5992,9169,13311
6824,5991,9168,13312
11998,9167,6000,13313
6601,9166,5999,10367
6602,9165,12302,6818
6603,9164,5996,6819
6604,12300,5995,6820
6605,9163,12301,6821
6606,9162,5993,6822
6607,9161,5992,6823
6608,5982,5991,6824
6609,5981,9167,11998
6610,5980,9166,6601
6611,9160,9165,6602
6612,9159,9164,6603
6613,9158,12300,6604
6614,5976,9163,6605
6615,9157,9162,6606
6616,5974,9161,6607
6617,9156,5982,6608
6618,5972,5981,6609
6619,9155,5980,6610
6620,9154,9160,6611
6621,5969,9159,6612
6622,5968,9158,6613
6623,3956,5976,6614
6624,3955,9157,6615
6625,3954,5974,6616
6626,3953,9156,6617
6627,3952,5972,6618
6628,3951,9155,6619
6629,3950,9154,6620
6630,3949,5969,6621
6631,3948,5968,6622
6632,3947,3956,6623
6633,3946,3955,6624
6634,3945,3954,6625
6635,3944,3953,6626
6636,3943,3952,6627
6637,3942,3951,6628
6638,3941,3950,6629
6639,3940,3949,6630
6640,3939,3948,6631
6641,3938,3947,6632
6642,3937,3946,6633
6643,3936,3945,6634
6644,3240,3944,6635
6645,3239,3943,6636
6646,3238,3942,6637
6647,3235,3941,6638
6648,3234,3940,6639
6649,3233,3939,6640
6650,3232,3938,6641
6651,3231,3937,6642
6652,3230,3936,6643
6653,3229,3240,6644
6654,3228,3239,6645
6655,3227,3238,6646
6656,3226,3235,6647
6657,3225,3234,6648
6658,3224,3233,6649
6659,3223,3232,6650
6660,3222,3231,6651
12419,3220,3230,6652
12420,3219,3229,6653
12421,3217,3228,6654
12422,11516,3227,6655
12423,11504,3226,6656
12424,3216,3225,6657
12426,3215,3224,6658
12427,3214,3223,6659
12428,3213,3222,6660
12429,3212,3220,12419
12430,3211,3219,12420
12431,3210,3217,12421
12432,3209,11516,12422
12433,3208,11504,12423
12434,3207,3216,12424
12435,3206,3215,12426
3397,3205,3214,12427
6661,3203,3213,12428
6662,3202,3212,12429
6663,3199,3211,12430
6664,3198,3210,12431
6665,11171,3209,12432
6666,11170,3208,12433
6667,11169,3207,12434
6668,11168,3206,12435
6669,11167,3205,3397
6670,3935,3203,6661
6671,3934,3202,6662
6672,3933,3199,6663
6673,3932,3198,6664
6674,3931,11171,6665
6675,3930,11170,6666
6676,3929,11169,6667
6677,3928,11168,6668
6678,3927,11167,6669
6679,3926,3935,6670
6680,12149,3934,6671
6681,12148,3933,6672
6682,12147,3932,6673
6683,12146,3931,6674
6684,12145,3930,6675
6685,12144,3929,6676
6686,12142,3928,6677
6687,12141,3927,6678
6698,12140,3926,6679
6699,9153,12149,6680
6700,9152,12148,6681
6701,9151,12147,6682
6702,9150,12146,6683
6704,9149,12145,6684
6705,9148,12144,6685
6706,9147,12142,6686
6707,9146,12141,6687
6708,9143,12140,6698
6709,9142,9153,6699
6710,9141,9152,6700
6711,9140,9151,6701
6712,9139,9150,6702
6713,9138,9149,6704
6714,9137,9148,6705
6715,9136,9147,6706
6716,9135,9146,6707
6717,9134,9143,6708
6718,9133,9142,6709
6719,9132,9141,6710
6720,9131,9140,6711
6721,10615,9139,6712
6722,10613,9138,6713
6723,10612,9137,6714
6724,10611,9136,6715
6725,10610,9135,6716
6726,10609,9134,6717
3466,10607,9133,6718
3467,10605,9132,6719
3468,1831074,9131,6720
3469,128061,10615,6721
3470,128060,10613,6722
3471,128059,10612,6723
3472,128058,10611,6724
3473,3647,10610,6725
3474,3646,10609,6726
3475,3645,10607,3466
13086,3644,10605,3467
13087,3643,1831074,3468
13088,10604,128061,3469
13089,10603,128060,3470
6829,10601,128059,3471
6830,10600,128058,3472
13090,10599,3647,3473
6832,10598,3646,3474
13091,10595,3645,3475
6834,10594,3644,13086
13092,10593,3643,13087
13093,10592,10604,13088
6837,10591,10603,13089
6838,10590,10601,6829
6839,10589,10600,6830
6840,10587,10599,13090
13094,10586,10598,6832
6842,10585,10595,13091
6843,10584,10594,6834
13095,10583,10593,13092
13096,10582,10592,13093
13097,10580,10591,6837
13098,10579,10590,6838
13099,10577,10589,6839
13100,10576,10587,6840
13101,9675,10586,13094
13102,9674,10585,6842
13103,9673,10584,6843
6853,9672,10583,13095
13104,9671,10582,13096
13105,9670,10580,13097
13106,7128,10579,13098
13107,9668,10577,13099
7112,9667,10576,13100
7113,9666,9675,13101
7114,9665,9674,13102
7115,9664,9673,13103
7116,9663,9672,6853
7117,12483,9671,13104
7118,12480,9670,13105
7119,12479,7128,13106
7120,12478,9668,13107
7121,12477,9667,7112
7122,12476,9666,7113
7123,12472,9665,7114
7124,12471,9664,7115
7125,10574,9663,7116
7126,10572,12483,7117
7127,10571,12480,7118
3609,10570,12479,7119
3610,10569,12478,7120
3611,10568,12477,7121
3612,10565,12476,7122
3613,10563,12472,7123
3614,10559,12471,7124
3615,10558,10574,7125
3616,10556,10572,7126
3617,12474,10571,7127
3618,12470,10570,3609
3619,12469,10569,3610
3620,12468,10568,3611
3621,12467,10565,3612
3622,12466,10563,3613
3623,12465,10559,3614
3625,3025,10558,3615
3626,3024,10556,3616
3627,3020,12474,3617
3628,3019,12470,3618
3629,3018,12469,3619
3630,3017,12468,3620
3631,3016,12467,3621
3632,3015,12466,3622
3633,3014,12465,3623
3634,12463,3025,3625
3635,3011,3024,3626
3636,3010,3020,3627
3638,3009,3019,3628
3639,3008,3018,3629
3640,3007,3017,3630
3641,3006,3016,3631
3642,3005,3015,3632
6856,3004,3014,3633
6857,3003,12463,3634
6858,3002,3011,3635
5852,3001,3010,3636
5864,3000,3009,3638
5871,2998,3008,3639
5880,2996,3007,3640
5887,2995,3006,3641
6860,2994,3005,3642
10006,2993,3004,6856
3565,2992,3003,6857
3566,2991,3002,6858
3567,2990,3001,5852
10007,2989,3000,5864
10008,2988,2998,5871
3571,2987,2996,5880
3572,2986,2995,5887
10009,2985,2994,6860
3574,2983,2993,10006
3575,9844,2992,3565
10010,9843,2991,3566
10011,9842,2990,3567
10012,9841,2989,10007
10013,9840,2988,10008
10014,9839,2987,3571
3582,9838,2986,3572
3583,9837,2985,10009
3584,9836,2983,3574
3585,9835,9844,3575
3586,9834,9843,10010
3587,9833,9842,10011
3588,9832,9841,10012
3589,9831,9840,10013
3590,9830,9839,10014
3591,9829,9838,3582
3593,9828,9837,3583
3594,9827,9836,3584
3595,9826,9835,3585
3596,9825,9834,3586
3599,9824,9833,3587
3600,9823,9832,3588
3601,9822,9831,3589
3602,9821,9830,3590
3603,9820,9829,3591
3604,9819,9828,3593
3605,9818,9827,3594
3606,9817,9826,3595
3607,9815,9825,3596
3608,9814,9824,3599
5895,9813,9823,3600
5899,9812,9822,3601
5901,9811,9821,3602
10015,9810,9820,3603
10016,9809,9819,3604
10017,9808,9818,3605
10018,9807,9817,3606
10019,9806,9815,3607
10020,9805,9814,3608
10021,9804,9813,5895
10022,9803,9812,5899
10023,9802,9811,5901
10024,9801,9810,10015
10025,9800,9809,10016
10026,9799,9808,10017
10027,9798,9807,10018
10028,9797,9806,10019
10029,9796,9805,10020
10030,9795,9804,10021
10031,9794,9803,10022
10032,9793,9802,10023
10033,9792,9801,10024
10034,9791,9800,10025
10035,9790,9799,10026
10036,9789,9798,10027
10037,9788,9797,10028
13108,9787,9796,10029
6890,9786,9795,10030
13109,9785,9794,10031
13110,9784,9793,10032
13111,9783,9792,10033
13112,9782,9791,10034
13113,9781,9790,10035
13114,9780,9789,10036
13115,9779,9788,10037
13116,9778,9787,13108
13117,9777,9786,6890
13198,9776,9785,13109
13199,9775,9784,13110
13200,9774,9783,13111
13201,9773,9782,13112
13202,9772,9781,13113
13203,9771,9780,13114
13204,9770,9779,13115
13205,9769,9778,13116
6895,9768,9777,13117
10038,9767,9776,13198
10039,9766,9775,13199
10040,10555,9774,13200
10041,10554,9773,13201
10042,10549,9772,13202
10043,10547,9771,13203
10044,10546,9770,13204
10045,10545,9769,13205
10046,10544,9768,6895
10047,10543,9767,10038
10048,10542,9766,10039
10049,10541,10555,10040
10050,10540,10554,10041
10051,10539,10549,10042
10052,10538,10547,10043
10053,10537,10546,10044
10054,10536,10545,10045
10055,10532,10544,10046
10056,10530,10543,10047
10058,9765,10542,10048
10059,9764,10541,10049
10060,9763,10540,10050
10061,9762,10539,10051
10062,9761,10538,10052
10063,9760,10537,10053
13206,9759,10536,10054
13207,9758,10532,10055
13208,9757,10530,10056
13209,9756,9765,10058
13210,9755,9764,10059
13211,9754,9763,10060
13212,9753,9762,10061
13213,9752,9761,10062
13214,9751,9760,10063
13319,9750,9759,13206
13320,9749,9758,13207
13322,9748,9757,13208
13323,9747,9756,13209
13324,12475,9755,13210
13332,12462,9754,13211
13333,12461,9753,13212
13334,12460,9752,13213
1657728,12459,9751,13214
1657729,12458,9750,13319
1657730,12457,9749,13320
1657731,12456,9748,13322
13215,12455,9747,13323
13216,12454,12475,13324
13217,10529,12462,13332
13218,10527,12461,13333
13219,10526,12460,13334
13220,10525,12459,1657728
13221,10518,12458,1657729
13222,12453,12457,1657730
13223,12452,12456,1657731
13224,12451,12455,13215
13225,12449,12454,13216
13226,12448,10529,13217
13227,12447,10527,13218
13228,12446,10526,13219
10403,12445,10525,13220
11657,12444,10518,13221
10409,12443,12453,13222
13118,13301,12452,13223
13119,5960,12451,13224
13120,5948,12449,13225
13121,2981,12448,13226
13122,2979,12447,13227
13123,2978,12446,13228
13124,2977,12445,10403
13125,2975,12444,11657
13126,2974,12443,10409
13127,2973,13301,13118
13128,2972,5960,13119
6927,9948,5948,13120
6930,9935,2981,13121
6932,9947,2979,13122
6935,2967,2978,13123
13129,2966,2977,13124
13130,2965,2975,13125
13131,2964,2974,13126
13132,2963,2973,13127
13133,2962,2972,13128
13134,9946,9948,6927
13135,9945,9935,6930
13136,2959,9947,6932
13137,12450,2967,6935
13138,2958,2966,13129
13139,2957,2965,13130
13140,2956,2964,13131
13141,9944,2963,13132
13142,2954,2962,13133
13143,2953,9946,13134
13144,2952,9945,13135
13145,2951,2959,13136
13146,9943,12450,13137
13147,9942,2958,13138
6945,9941,2957,13139
13148,2947,2956,13140
13149,2946,9944,13141
13150,2945,2954,13142
13151,2944,2953,13143
13152,2943,2952,13144
13153,9940,2951,13145
13154,9939,9943,13146
13155,9938,9942,13147
13156,9936,9941,6945
13157,5944,2947,13148
13158,5938,2946,13149
13159,5937,2945,13150
13160,9990,2944,13151
13161,9989,2943,13152
13162,9988,9940,13153
13163,9987,9939,13154
13164,9986,9938,13155
13165,9985,9936,13156
13166,9984,5944,13157
13167,9983,5938,13158
13168,9982,5937,13159
13169,9981,9990,13160
10504,9980,9989,13161
13170,9979,9988,13162
13171,9978,9987,13163
13172,9977,9986,13164
13173,9976,9985,13165
13174,9975,9984,13166
13175,9974,9983,13167
13176,9973,9982,13168
13177,9972,9981,13169
13178,9971,9980,10504
13179,9970,9979,13170
13180,9968,9978,13171
13181,9967,9977,13172
13182,9966,9976,13173
13183,9965,9975,13174
13184,9964,9974,13175
13185,9963,9973,13176
13186,9962,9972,13177
13187,9961,9971,13178
13188,9960,9970,13179
13189,9959,9968,13180
13190,9958,9967,13181
13191,9957,9966,13182
13192,9956,9965,13183
13193,9955,9964,13184
13194,9954,9963,13185
13195,9953,9962,13186
13196,9952,9961,13187
13197,9951,9960,13188
12954,9950,9959,13189
12955,9949,9958,13190
12956,9934,9957,13191
12957,5924,9956,13192
3476,5920,9955,13193
3477,5919,9954,13194
3478,5916,9953,13195
3479,9933,9952,13196
3480,9932,9951,13197
3481,9931,9950,12954
3482,9930,9949,12955
3483,9929,9934,12956
3484,9928,5924,12957
3485,9927,5920,3476
3486,9926,5919,3477
3487,9925,5916,3478
3488,9924,9933,3479
3489,9923,9932,3480
3490,9922,9931,3481
3491,9921,9930,3482
3492,9920,9929,3483
3493,9919,9928,3484
3494,9918,9927,3485
3495,9917,9926,3486
3496,9916,9925,3487
3497,9915,9924,3488
3498,9914,9923,3489
3499,9913,9922,3490
3500,9912,9921,3491
6967,9911,9920,3492
6977,9910,9919,3493
7000,9909,9918,3494
7001,9908,9917,3495
7006,9907,9916,3496
7018,9906,9915,3497
10438,9905,9914,3498
10439,9904,9913,3499
10444,9903,9912,3500
5786,9902,9911,6967
10457,9901,9910,6977
5798,9900,9909,7000
5805,9899,9908,7001
5821,9898,9907,7006
8724,9897,9906,7018
9662,9896,9905,10438
9992,9895,9904,10439
9993,9894,9903,10444
9994,9893,9902,5786
13038,9892,9901,10457
13039,9891,9900,5798
13040,9890,9899,5805
13041,9889,9898,5821
13042,9888,9897,8724
13043,9887,9896,9662
13044,9886,9895,9992
13045,9885,9894,9993
13046,9884,9893,9994
13047,9883,9892,13038
3552,9882,9891,13039
3553,9881,9890,13040
3554,9880,9889,13041
9995,9879,9888,13042
13048,9878,9887,13043
3557,9877,9886,13044
3558,9876,9885,13045
3559,9875,9884,13046
9996,9874,9883,13047
13049,10674,9882,3552
13050,9873,9881,3553
5832,9872,9880,3554
9997,9871,9879,9995
9999,9869,9878,13048
10000,9868,9877,3557
10001,9867,9876,3558
10002,9866,9875,3559
10003,9865,9874,9996
10004,9864,10674,13049
10005,9863,9873,13050
7045,9862,9872,5832
7046,9861,9871,9997
7054,9860,9869,9999
7055,9859,9868,10000
5833,9858,9867,10001
5836,9857,9866,10002
5838,9856,9865,10003
5843,9855,9864,10004
7056,9854,9863,10005
7057,9853,9862,7045
7058,9852,9861,7046
7059,9851,9860,7054
7060,9850,9859,7055
7061,9849,9858,5833
7062,9848,9857,5836
7063,9847,9856,5838
7064,9846,9855,5843
13051,9746,9854,7056
13052,5913,9853,7057
13053,9745,9852,7058
13054,9743,9851,7059
13055,9742,9850,7060
13056,9741,9849,7061
13057,9740,9848,7062
13058,9739,9847,7063
13059,9738,9846,7064
13060,9737,9746,13051
13061,9736,5913,13052
13062,9735,9745,13053
13063,9734,9743,13054
13064,9733,9742,13055
13065,9732,9741,13056
13066,10671,9740,13057
13067,10670,9739,13058
13068,10668,9738,13059
13069,10667,9737,13060
13070,10665,9736,13061
13071,10664,9735,13062
13072,10663,9734,13063
7095,10662,9733,13064
7096,10661,9732,13065
7097,9731,10671,13066
7098,9730,10670,13067
7099,9729,10668,13068
13073,9727,10667,13069
7101,9726,10665,13070
7102,9725,10664,13071
7103,9724,10663,13072
7104,9723,10662,7095
7106,9722,10661,7096
7107,9721,9731,7097
7108,9720,9730,7098
7109,9719,9729,7099
7110,9718,9727,13073
7111,9717,9726,7101
13074,9716,9725,7102
13075,9715,9724,7103
13076,9714,9723,7104
13077,9713,9722,7106
13078,9712,9721,7107
13079,9711,9720,7108
13080,9710,9719,7109
13081,9709,9718,7110
13082,9708,9717,7111
13083,9707,9716,13074
13084,9706,9715,13075
3437,9705,9714,13076
3438,9704,9713,13077
3439,9703,9712,13078
3440,9702,9711,13079
3441,9701,9710,13080
3442,10659,9709,13081
3443,10656,9708,13082
3444,10652,9707,13083
3445,10651,9706,13084
3446,10648,9705,3437
3447,10647,9704,3438
3448,10646,9703,3439
3449,10645,9702,3440
3450,10644,9701,3441
3451,10642,10659,3442
3452,10640,10656,3443
3453,10638,10652,3444
3454,10637,10651,3445
3455,10636,10648,3446
3456,10633,10647,3447
3457,10632,10646,3448
3458,10629,10645,3449
3459,10627,10644,3450
3460,10626,10642,3451
3461,10625,10640,3452
3462,12501,10638,3453
3463,12498,10637,3454
3464,12497,10636,3455
3465,12496,10633,3456
13085,12495,10632,3457
3026,12494,10629,3458
3027,12493,10627,3459
3028,12492,10626,3460
3030,12491,10625,3461
3032,12490,12501,3462
3033,12489,12498,3463
3037,12488,12497,3464
3038,12487,12496,3465
3039,12486,12495,13085
3040,12485,12494,3026
3041,12484,12493,3027
3043,12482,12492,3028
3044,3067,12491,3030
3046,3066,12490,3032
3047,3065,12489,3033
3049,3064,12488,3037
3050,12481,12487,3038
3051,3062,12486,3039
3052,3060,12485,3040
3053,3059,12484,3041
3054,10621,12482,3043
3055,10619,3067,3044
10616,3080,3066,3046
10617,3079,3065,3047
3057,3078,3064,3049
9676,3076,12481,3050
9677,3073,3062,3051
9678,3072,3060,3052
9679,3071,3059,3053
9680,3070,10621,3054
9681,3069,10619,3055
9683,3068,3080,10616
9684,9700,3079,10617
9685,9699,3078,3057
9686,9698,3076,9676
9687,9697,3073,9677
9688,9696,3072,9678
9689,9695,3071,9679
9690,9694,3070,9680
9691,9693,3069,9681
9692,9692,3068,9683
9693,9691,9700,9684
9694,9690,9699,9685
9695,9689,9698,9686
9696,9688,9697,9687
9697,9687,9696,9688
9698,9686,9695,9689
9699,9685,9694,9690
9700,9684,9693,9691
3068,9683,9692,9692
3069,9681,9691,9693
3070,9680,9690,9694
3071,9679,9689,9695
3072,9678,9688,9696
3073,9677,9687,9697
3076,9676,9686,9698
3078,3057,9685,9699
3079,10617,9684,9700
3080,10616,9683,3068
10619,3055,9681,3069
10621,3054,9680,3070
3059,3053,9679,3071
3060,3052,9678,3072
3062,3051,9677,3073
12481,3050,9676,3076
3064,3049,3057,3078
3065,3047,10617,3079
3066,3046,10616,3080
3067,3044,3055,10619
12482,3043,3054,10621
12484,3041,3053,3059
12485,3040,3052,3060
12486,3039,3051,3062
12487,3038,3050,12481
12488,3037,3049,3064
12489,3033,3047,3065
12490,3032,3046,3066
12491,3030,3044,3067
12492,3028,3043,12482
12493,3027,3041,12484
12494,3026,3040,12485
12495,13085,3039,12486
12496,3465,3038,12487
12497,3464,3037,12488
12498,3463,3033,12489
12501,3462,3032,12490
10625,3461,3030,12491
10626,3460,3028,12492
10627,3459,3027,12493
10629,3458,3026,12494
10632,3457,13085,12495
10633,3456,3465,12496
10636,3455,3464,12497
10637,3454,3463,12498
10638,3453,3462,12501
10640,3452,3461,10625
10642,3451,3460,10626
10644,3450,3459,10627
10645,3449,3458,10629
10646,3448,3457,10632
10647,3447,3456,10633
10648,3446,3455,10636
10651,3445,3454,10637
10652,3444,3453,10638
10656,3443,3452,10640
10659,3442,3451,10642
9701,3441,3450,10644
9702,3440,3449,10645
9703,3439,3448,10646
9704,3438,3447,10647
9705,3437,3446,10648
9706,13084,3445,10651
9707,13083,3444,10652
9708,13082,3443,10656
9709,13081,3442,10659
9710,13080,3441,9701
9711,13079,3440,9702
9712,13078,3439,9703
9713,13077,3438,9704
9714,13076,3437,9705
9715,13075,13084,9706
9716,13074,13083,9707
9717,7111,13082,9708
9718,7110,13081,9709
9719,7109,13080,9710
9720,7108,13079,9711
9721,7107,13078,9712
9722,7106,13077,9713
9723,7104,13076,9714
9724,7103,13075,9715
9725,7102,13074,9716
9726,7101,7111,9717
9727,13073,7110,9718
9729,7099,7109,9719
9730,7098,7108,9720
9731,7097,7107,9721
10661,7096,7106,9722
10662,7095,7104,9723
10663,13072,7103,9724
10664,13071,7102,9725
10665,13070,7101,9726
10667,13069,13073,9727
10668,13068,7099,9729
10670,13067,7098,9730
10671,13066,7097,9731
9732,13065,7096,10661
9733,13064,7095,10662
9734,13063,13072,10663
9735,13062,13071,10664
9736,13061,13070,10665
9737,13060,13069,10667
9738,13059,13068,10668
9739,13058,13067,10670
9740,13057,13066,10671
9741,13056,13065,9732
9742,13055,13064,9733
9743,13054,13063,9734
9745,13053,13062,9735
5913,13052,13061,9736
9746,13051,13060,9737
9846,7064,13059,9738
9847,7063,13058,9739
9848,7062,13057,9740
9849,7061,13056,9741
9850,7060,13055,9742
9851,7059,13054,9743
9852,7058,13053,9745
9853,7057,13052,5913
9854,7056,13051,9746
9855,5843,7064,9846
9856,5838,7063,9847
9857,5836,7062,9848
9858,5833,7061,9849
9859,7055,7060,9850
9860,7054,7059,9851
9861,7046,7058,9852
9862,7045,7057,9853
9863,10005,7056,9854
9864,10004,5843,9855
9865,10003,5838,9856
9866,10002,5836,9857
9867,10001,5833,9858
9868,10000,7055,9859
9869,9999,7054,9860
9871,9997,7046,9861
9872,5832,7045,9862
9873,13050,10005,9863
10674,13049,10004,9864
9874,9996,10003,9865
9875,3559,10002,9866
9876,3558,10001,9867
9877,3557,10000,9868
9878,13048,9999,9869
9879,9995,9997,9871
9880,3554,5832,9872
9881,3553,13050,9873
9882,3552,13049,10674
9883,13047,9996,9874
9884,13046,3559,9875
9885,13045,3558,9876
9886,13044,3557,9877
9887,13043,13048,9878
9888,13042,9995,9879
9889,13041,3554,9880
9890,13040,3553,9881
9891,13039,3552,9882
9892,13038,13047,9883
9893,9994,13046,9884
9894,9993,13045,9885
9895,9992,13044,9886
9896,9662,13043,9887
9897,8724,13042,9888
9898,5821,13041,9889
9899,5805,13040,9890
9900,5798,13039,9891
9901,10457,13038,9892
9902,5786,9994,9893
9903,10444,9993,9894
9904,10439,9992,9895
9905,10438,9662,9896
9906,7018,8724,9897
9907,7006,5821,9898
9908,7001,5805,9899
9909,7000,5798,9900
9910,6977,10457,9901
9911,6967,5786,9902
9912,3500,10444,9903
9913,3499,10439,9904
9914,3498,10438,9905
9915,3497,7018,9906
9916,3496,7006,9907
9917,3495,7001,9908
9918,3494,7000,9909
9919,3493,6977,9910
9920,3492,6967,9911
9921,3491,3500,9912
9922,3490,3499,9913
9923,3489,3498,9914
9924,3488,3497,9915
9925,3487,3496,9916
9926,3486,3495,9917
9927,3485,3494,9918
9928,3484,3493,9919
9929,3483,3492,9920
9930,3482,3491,9921
9931,3481,3490,9922
9932,3480,3489,9923
9933,3479,3488,9924
5916,3478,3487,9925
5919,3477,3486,9926
5920,3476,3485,9927
5924,12957,3484,9928
9934,12956,3483,9929
9949,12955,3482,9930
9950,12954,3481,9931
9951,13197,3480,9932
9952,13196,3479,9933
9953,13195,3478,5916
9954,13194,3477,5919
9955,13193,3476,5920
9956,13192,12957,5924
9957,13191,12956,9934
9958,13190,12955,9949
9959,13189,12954,9950
9960,13188,13197,9951
9961,13187,13196,9952
9962,13186,13195,9953
9963,13185,13194,9954
9964,13184,13193,9955
9965,13183,13192,9956
9966,13182,13191,9957
9967,13181,13190,9958
9968,13180,13189,9959
9970,13179,13188,9960
9971,13178,13187,9961
9972,13177,13186,9962
9973,13176,13185,9963
9974,13175,13184,9964
9975,13174,13183,9965
9976,13173,13182,9966
9977,13172,13181,9967
9978,13171,13180,9968
9979,13170,13179,9970
9980,10504,13178,9971
9981,13169,13177,9972
9982,13168,13176,9973
9983,13167,13175,9974
9984,13166,13174,9975
9985,13165,13173,9976
9986,13164,13172,9977
9987,13163,13171,9978
9988,13162,13170,9979
9989,13161,10504,9980
9990,13160,13169,9981
5937,13159,13168,9982
5938,13158,13167,9983
5944,13157,13166,9984
9936,13156,13165,9985
9938,13155,13164,9986
9939,13154,13163,9987
9940,13153,13162,9988
2943,13152,13161,9989
2944,13151,13160,9990
2945,13150,13159,5937
2946,13149,13158,5938
2947,13148,13157,5944
9941,6945,13156,9936
9942,13147,13155,9938
9943,13146,13154,9939
2951,13145,13153,9940
2952,13144,13152,2943
2953,13143,13151,2944
2954,13142,13150,2945
9944,13141,13149,2946
2956,13140,13148,2947
2957,13139,6945,9941
2958,13138,13147,9942
12450,13137,13146,9943
2959,13136,13145,2951
9945,13135,13144,2952
9946,13134,13143,2953
2962,13133,13142,2954
2963,13132,13141,9944
2964,13131,13140,2956
2965,13130,13139,2957
2966,13129,13138,2958
2967,6935,13137,12450
9947,6932,13136,2959
9935,6930,13135,9945
9948,6927,13134,9946
2972,13128,13133,2962
2973,13127,13132,2963
2974,13126,13131,2964
2975,13125,13130,2965
2977,13124,13129,2966
2978,13123,6935,2967
2979,13122,6932,9947
2981,13121,6930,9935
5948,13120,6927,9948
5960,13119,13128,2972
13301,13118,13127,2973
12443,10409,13126,2974
12444,11657,13125,2975
12445,10403,13124,2977
12446,13228,13123,2978
12447,13227,13122,2979
12448,13226,13121,2981
12449,13225,13120,5948
12451,13224,13119,5960
12452,13223,13118,13301
12453,13222,10409,12443
10518,13221,11657,12444
10525,13220,10403,12445
10526,13219,13228,12446
10527,13218,13227,12447
10529,13217,13226,12448
12454,13216,13225,12449
12455,13215,13224,12451
12456,1657731,13223,12452
12457,1657730,13222,12453
12458,1657729,13221,10518
12459,1657728,13220,10525
12460,13334,13219,10526
12461,13333,13218,10527
12462,13332,13217,10529
12475,13324,13216,12454
9747,13323,13215,12455
9748,13322,1657731,12456
9749,13320,1657730,12457
9750,13319,1657729,12458
9751,13214,1657728,12459
9752,13213,13334,12460
9753,13212,13333,12461
9754,13211,13332,12462
9755,13210,13324,12475
9756,13209,13323,9747
9757,13208,13322,9748
9758,13207,13320,9749
9759,13206,13319,9750
9760,10063,13214,9751
9761,10062,13213,9752
9762,10061,13212,9753
9763,10060,13211,9754
9764,10059,13210,9755
9765,10058,13209,9756
10530,10056,13208,9757
10532,10055,13207,9758
10536,10054,13206,9759
10537,10053,10063,9760
10538,10052,10062,9761
10539,10051,10061,9762
10540,10050,10060,9763
10541,10049,10059,9764
10542,10048,10058,9765
10543,10047,10056,10530
10544,10046,10055,10532
10545,10045,10054,10536
10546,10044,10053,10537
10547,10043,10052,10538
10549,10042,10051,10539
10554,10041,10050,10540
10555,10040,10049,10541
9766,10039,10048,10542
9767,10038,10047,10543
9768,6895,10046,10544
9769,13205,10045,10545
9770,13204,10044,10546
9771,13203,10043,10547
9772,13202,10042,10549
9773,13201,10041,10554
9774,13200,10040,10555
9775,13199,10039,9766
9776,13198,10038,9767
9777,13117,6895,9768
9778,13116,13205,9769
9779,13115,13204,9770
9780,13114,13203,9771
9781,13113,13202,9772
9782,13112,13201,9773
9783,13111,13200,9774
9784,13110,13199,9775
9785,13109,13198,9776
9786,6890,13117,9777
9787,13108,13116,9778
9788,10037,13115,9779
9789,10036,13114,9780
9790,10035,13113,9781
9791,10034,13112,9782
9792,10033,13111,9783
9793,10032,13110,9784
9794,10031,13109,9785
9795,10030,6890,9786
9796,10029,13108,9787
9797,10028,10037,9788
9798,10027,10036,9789
9799,10026,10035,9790
9800,10025,10034,9791
9801,10024,10033,9792
9802,10023,10032,9793
9803,10022,10031,9794
9804,10021,10030,9795
9805,10020,10029,9796
9806,10019,10028,9797
9807,10018,10027,9798
9808,10017,10026,9799
9809,10016,10025,9800
9810,10015,10024,9801
9811,5901,10023,9802
9812,5899,10022,9803
9813,5895,10021,9804
9814,3608,10020,9805
9815,3607,10019,9806
9817,3606,10018,9807
9818,3605,10017,9808
9819,3604,10016,9809
9820,3603,10015,9810
9821,3602,5901,9811
9822,3601,5899,9812
9823,3600,5895,9813
9824,3599,3608,9814
9825,3596,3607,9815
9826,3595,3606,9817
9827,3594,3605,9818
9828,3593,3604,9819
9829,3591,3603,9820
9830,3590,3602,9821
9831,3589,3601,9822
9832,3588,3600,9823
9833,3587,3599,9824
9834,3586,3596,9825
9835,3585,3595,9826
9836,3584,3594,9827
9837,3583,3593,9828
9838,3582,3591,9829
9839,10014,3590,9830
9840,10013,3589,9831
9841,10012,3588,9832
9842,10011,3587,9833
9843,10010,3586,9834
9844,3575,3585,9835
2983,3574,3584,9836
2985,10009,3583,9837
2986,3572,3582,9838
2987,3571,10014,9839
2988,10008,10013,9840
2989,10007,10012,9841
2990,3567,10011,9842
2991,3566,10010,9843
2992,3565,3575,9844
2993,10006,3574,2983
2994,6860,10009,2985
2995,5887,3572,2986
2996,5880,3571,2987
2998,5871,10008,2988
3000,5864,10007,2989
3001,5852,3567,2990
3002,6858,3566,2991
3003,6857,3565,2992
3004,6856,10006,2993
3005,3642,6860,2994
3006,3641,5887,2995
3007,3640,5880,2996
3008,3639,5871,2998
3009,3638,5864,3000
3010,3636,5852,3001
3011,3635,6858,3002
12463,3634,6857,3003
3014,3633,6856,3004
3015,3632,3642,3005
3016,3631,3641,3006
3017,3630,3640,3007
3018,3629,3639,3008
3019,3628,3638,3009
3020,3627,3636,3010
3024,3626,3635,3011
3025,3625,3634,12463
12465,3623,3633,3014
12466,3622,3632,3015
12467,3621,3631,3016
12468,3620,3630,3017
12469,3619,3629,3018
12470,3618,3628,3019
12474,3617,3627,3020
10556,3616,3626,3024
10558,3615,3625,3025
10559,3614,3623,12465
10563,3613,3622,12466
10565,3612,3621,12467
10568,3611,3620,12468
10569,3610,3619,12469
10570,3609,3618,12470
10571,7127,3617,12474
10572,7126,3616,10556
10574,7125,3615,10558
12471,7124,3614,10559
12472,7123,3613,10563
12476,7122,3612,10565
12477,7121,3611,10568
12478,7120,3610,10569
12479,7119,3609,10570
12480,7118,7127,10571
12483,7117,7126,10572
9663,7116,7125,10574
9664,7115,7124,12471
9665,7114,7123,12472
9666,7113,7122,12476
9667,7112,7121,12477
9668,13107,7120,12478
7128,13106,7119,12479
9670,13105,7118,12480
9671,13104,7117,12483
9672,6853,7116,9663
9673,13103,7115,9664
9674,13102,7114,9665
9675,13101,7113,9666
10576,13100,7112,9667
10577,13099,13107,9668
10579,13098,13106,7128
10580,13097,13105,9670
10582,13096,13104,9671
10583,13095,6853,9672
10584,6843,13103,9673
10585,6842,13102,9674
10586,13094,13101,9675
10587,6840,13100,10576
10589,6839,13099,10577
10590,6838,13098,10579
10591,6837,13097,10580
10592,13093,13096,10582
10593,13092,13095,10583
10594,6834,6843,10584
10595,13091,6842,10585
10598,6832,13094,10586
10599,13090,6840,10587
10600,6830,6839,10589
10601,6829,6838,10590
10603,13089,6837,10591
10604,13088,13093,10592
3643,13087,13092,10593
3644,13086,6834,10594
3645,3475,13091,10595
3646,3474,6832,10598
3647,3473,13090,10599
128058,3472,6830,10600
128059,3471,6829,10601
128060,3470,13089,10603
128061,3469,13088,10604
1831074,3468,13087,3643
10605,3467,13086,3644
10607,3466,3475,3645
10609,6726,3474,3646
10610,6725,3473,3647
10611,6724,3472,128058
10612,6723,3471,128059
10613,6722,3470,128060
10615,6721,3469,128061
9131,6720,3468,1831074
9132,6719,3467,10605
9133,6718,3466,10607
9134,6717,6726,10609
9135,6716,6725,10610
9136,6715,6724,10611
9137,6714,6723,10612
9138,6713,6722,10613
9139,6712,6721,10615
9140,6711,6720,9131
9141,6710,6719,9132
9142,6709,6718,9133
9143,6708,6717,9134
9146,6707,6716,9135
9147,6706,6715,9136
9148,6705,6714,9137
9149,6704,6713,9138
9150,6702,6712,9139
9151,6701,6711,9140
9152,6700,6710,9141
9153,6699,6709,9142
12140,6698,6708,9143
12141,6687,6707,9146
12142,6686,6706,9147
12144,6685,6705,9148
12145,6684,6704,9149
12146,6683,6702,9150
12147,6682,6701,9151
12148,6681,6700,9152
12149,6680,6699,9153
3926,6679,6698,12140
3927,6678,6687,12141
3928,6677,6686,12142
3929,6676,6685,12144
3930,6675,6684,12145
3931,6674,6683,12146
3932,6673,6682,12147
3933,6672,6681,12148
3934,6671,6680,12149
3935,6670,6679,3926
11167,6669,6678,3927
11168,6668,6677,3928
11169,6667,6676,3929
11170,6666,6675,3930
11171,6665,6674,3931
3198,6664,6673,3932
3199,6663,6672,3933
3202,6662,6671,3934
3203,6661,6670,3935
3205,3397,6669,11167
3206,12435,6668,11168
3207,12434,6667,11169
3208,12433,6666,11170
3209,12432,6665,11171
3210,12431,6664,3198
3211,12430,6663,3199
3212,12429,6662,3202
3213,12428,6661,3203
3214,12427,3397,3205
3215,12426,12435,3206
3216,12424,12434,3207
11504,12423,12433,3208
11516,12422,12432,3209
3217,12421,12431,3210
3219,12420,12430,3211
3220,12419,12429,3212
3222,6660,12428,3213
3223,6659,12427,3214
3224,6658,12426,3215
3225,6657,12424,3216
3226,6656,12423,11504
3227,6655,12422,11516
3228,6654,12421,3217
3229,6653,12420,3219
3230,6652,12419,3220
3231,6651,6660,3222
3232,6650,6659,3223
3233,6649,6658,3224
3234,6648,6657,3225
3235,6647,6656,3226
3238,6646,6655,3227
3239,6645,6654,3228
3240,6644,6653,3229
3936,6643,6652,3230
3937,6642,6651,3231
3938,6641,6650,3232
3939,6640,6649,3233
3940,6639,6648,3234
3941,6638,6647,3235
3942,6637,6646,3238
3943,6636,6645,3239
3944,6635,6644,3240
3945,6634,6643,3936
3946,6633,6642,3937
3947,6632,6641,3938
3948,6631,6640,3939
3949,6630,6639,3940
3950,6629,6638,3941
3951,6628,6637,3942
3952,6627,6636,3943
3953,6626,6635,3944
3954,6625,6634,3945
3955,6624,6633,3946
3956,6623,6632,3947
5968,6622,6631,3948
5969,6621,6630,3949
9154,6620,6629,3950
9155,6619,6628,3951
5972,6618,6627,3952
9156,6617,6626,3953
5974,6616,6625,3954
9157,6615,6624,3955
5976,6614,6623,3956
9158,6613,6622,5968
9159,6612,6621,5969
9160,6611,6620,9154
5980,6610,6619,9155
5981,6609,6618,5972
5982,6608,6617,9156
9161,6607,6616,5974
9162,6606,6615,9157
9163,6605,6614,5976
12300,6604,6613,9158
9164,6603,6612,9159
9165,6602,6611,9160
9166,6601,6610,5980
9167,11998,6609,5981
5991,6824,6608,5982
5992,6823,6607,9161
5993,6822,6606,9162
12301,6821,6605,9163
5995,6820,6604,12300
5996,6819,6603,9164
12302,6818,6602,9165
5999,10367,6601,9166
6000,13313,11998,9167
9168,13312,6824,5991
9169,13311,6823,5992
9172,13310,6822,5993
9174,12417,6821,12301
9175,12416,6820,5995
9176,12412,6819,5996
9177,12411,6818,12302
9178,12409,10367,5999
9179,12407,13313,6000
11505,6816,13312,9168
11506,6815,13311,9169
11507,6813,13310,9172
11508,12406,12417,9174
11509,6811,12416,9175
11510,6789,12412,9176
11511,6788,12411,9177
11513,6787,12409,9178
11514,6786,12407,9179
11515,6785,6816,11505
11517,6784,6815,11506
11518,6783,6813,11507
11519,6782,12406,11508
11520,6781,6811,11509
11521,6780,6789,11510
11522,6779,6788,11511
11523,6778,6787,11513
11524,6777,6786,11514
12037,6776,6785,11515
9180,6775,6784,11517
9181,6774,6783,11518
9182,6773,6782,11519
9184,6772,6781,11520
9185,6771,6780,11521
9186,6770,6779,11522
9187,6769,6778,11523
9188,6768,6777,11524
9189,6767,6776,12037
9190,6766,6775,9180
9191,6765,6774,9181
9192,6764,6773,9182
9193,6763,6772,9184
9194,6762,6771,9185
9195,6761,6770,9186
9196,6760,6769,9187
9197,6759,6768,9188
9198,6758,6767,9189
9199,6757,6766,9190
9200,6756,6765,9191
9201,6755,6764,9192
9202,6754,6763,9193
9203,6753,6762,9194
9204,6752,6761,9195
9205,6751,6760,9196
9206,6750,6759,9197
9207,6749,6758,9198
9208,6748,6757,9199
9209,6747,6756,9200
9210,6746,6755,9201
9211,6745,6754,9202
9212,6744,6753,9203
9213,6743,6752,9204
9214,6742,6751,9205
9215,6741,6750,9206
9216,6740,6749,9207
12150,6739,6748,9208
12151,6738,6747,9209
8725,6737,6746,9210
8726,3436,6745,9211
8727,3435,6744,9212
8728,3434,6743,9213
8729,3433,6742,9214
8731,3432,6741,9215
8733,3431,6740,9216
8734,3430,6739,12150
8735,3429,6738,12151
8736,3428,6737,8725
8737,3427,3436,8726
8738,3426,3435,8727
8739,3425,3434,8728
8741,3424,3433,8729
8742,3423,3432,8731
8743,3422,3431,8733
8744,3421,3430,8734
8747,3420,3429,8735
8748,3419,3428,8736
8749,3418,3427,8737
8750,3417,3426,8738
8751,3416,3425,8739
8752,3415,3424,8741
8753,3414,3423,8742
8754,3413,3422,8743
8755,3412,3421,8744
8756,3411,3420,8747
8757,3410,3419,8748
8758,3409,3418,8749
8759,3408,3417,8750
8760,3407,3416,8751
8761,3406,3415,8752
8762,3405,3414,8753
8763,3404,3413,8754
8764,3403,3412,8755
8765,3402,3411,8756
8766,3401,3410,8757
8767,3400,3409,8758
3110,3399,3408,8759
3112,3398,3407,8760
3113,12953,3406,8761
3115,12952,3405,8762
3116,12949,3404,8763
3118,12948,3403,8764
3119,6703,3402,8765
3120,6697,3401,8766
3121,6696,3400,8767
3122,6695,3399,3110
3123,6694,3398,3112
3124,6693,12953,3113
3125,6692,12952,3115
3126,6691,12949,3116
3127,6690,12948,3118
3128,6689,6703,3119
3129,6688,6697,3120
3130,12941,6696,3121
3132,12930,6695,3122
3133,12929,6694,3123
3134,12928,6693,3124
3135,12927,6692,3125
3136,12926,6691,3126
3137,12925,6690,3127
3138,12924,6689,3128
3139,12036,6688,3129
3140,12035,12941,3130
3142,12034,12930,3132
3143,12033,12929,3133
3144,12032,12928,3134
3147,12923,12927,3135
3148,12922,12926,3136
3149,12029,12925,3137
3150,12921,12924,3138
3152,12920,12036,3139
9217,12919,12035,3140
9218,12918,12034,3142
9219,12917,12033,3143
9220,6736,12032,3144
9221,6735,12923,3147
9222,6734,12922,3148
9223,6733,12029,3149
9224,6732,12921,3150
9225,6731,12920,3152
9226,6730,12919,9217
9227,6729,12918,9218
11201,6728,12917,9219
11202,6727,6736,9220
11203,12907,6735,9221
11204,12906,6734,9222
11205,12905,6733,9223
11206,12904,6732,9224
11207,12903,6731,9225
11208,12902,6730,9226
11209,12901,6729,9227
11210,12900,6728,11201
11211,1212,6727,11202
11213,1211,12907,11203
11214,1210,12906,11204
9228,1209,12905,11205
9229,1208,12904,11206
9230,1207,12903,11207
9231,1206,12902,11208
9232,1205,12901,11209
9233,1204,12900,11210
9234,1203,1212,11211
9235,1202,1211,11213
9236,1201,1210,11214
9237,1200,1209,9228
9238,1199,1208,9229
9239,1198,1207,9230
9240,1197,1206,9231
9241,1196,1205,9232
9242,1195,1204,9233
9243,1194,1203,9234
9244,1193,1202,9235
9245,1192,1201,9236
9246,13233,1200,9237
9247,1187,1199,9238
9248,1186,1198,9239
9249,13232,1197,9240
9250,1181,1196,9241
9251,1180,1195,9242
9252,1179,1194,9243
9253,13231,1193,9244
9254,1177,1192,9245
9255,1176,13233,9246
9257,13230,1187,9247
9258,1173,1186,9248
9259,1172,13232,9249
3153,12899,1181,9250
3154,12898,1180,9251
3155,12897,1179,9252
3156,12896,13231,9253
3157,12895,1177,9254
3159,12894,1176,9255
3160,12893,13230,9257
3161,12892,1173,9258
3162,12891,1172,9259
3163,12890,12899,3153
3164,12889,12898,3154
3165,12888,12897,3155
3166,12887,12896,3156
3167,12886,12895,3157
3168,12885,12894,3159
3169,12884,12893,3160
3170,1259,12892,3161
3171,1258,12891,3162
3172,1257,12890,3163
3173,12883,12889,3164
3174,12882,12888,3165
3175,12881,12887,3166
3176,12880,12886,3167
3178,12879,12885,3168
3179,12878,12884,3169
3180,12877,1259,3170
3181,12876,1258,3171
3182,12875,1257,3172
3183,12874,12883,3173
3184,12873,12882,3174
3186,12872,12881,3175
3187,12871,12880,3176
3188,12869,12879,3178
3189,12868,12878,3179
3190,12867,12877,3180
3192,12866,12876,3181
3193,12865,12875,3182
3195,12864,12874,3183
3196,12863,12873,3184
3197,12862,12872,3186
11215,12861,12871,3187
11216,12860,12869,3188
11217,12859,12868,3189
11218,12858,12867,3190
11219,12857,12866,3192
11220,12856,12865,3193
11221,12855,12864,3195
11222,12854,12863,3196
11224,12853,12862,3197
11225,12852,12861,11215
11226,12851,12860,11216
11232,12850,12859,11217
3081,12849,12858,11218
3082,12848,12857,11219
3084,12847,12856,11220
3085,6470,12855,11221
3087,6469,12854,11222
3088,6468,12853,11224
3089,6466,12852,11225
3091,6465,12851,11226
3092,13330,12850,11232
3093,13329,12849,3081
12303,13328,12848,3082
3095,13326,12847,3084
3096,13304,6470,3085
3097,6464,6469,3087
3098,13303,6468,3088
3099,1256,6466,3089
3101,1255,6465,3091
3102,1254,13330,3092
3103,1253,13329,3093
3104,1252,13328,12303
3105,1251,13326,3095
3106,1250,13304,3096
12304,1249,6464,3097
3108,1248,13303,3098
3109,1247,1256,3099
9117,1246,1255,3101
9118,1245,1254,3102
9119,1244,1253,3103
9120,1243,1252,3104
9121,1242,1251,3105
9122,1241,1250,3106
9123,1240,1249,12304
9124,1239,1248,3108
9125,1238,1247,3109
9126,1237,1246,9117
9127,1236,1245,9118
9128,1235,1244,9119
9130,1234,1243,9120
11525,1233,1242,9121
11526,1232,1241,9122
11527,1231,1240,9123
8817,1230,1239,9124
8818,1229,1238,9125
8819,1228,1237,9126
8820,1227,1236,9127
8821,1226,1235,9128
8822,1225,1234,9130
8823,1224,1233,11525
8824,1223,1232,11526
8826,1222,1231,11527
8827,1221,1230,8817
8828,1220,1229,8818
8829,1219,1228,8819
8830,1218,1227,8820
8831,1217,1226,8821
8832,1216,1225,8822
8833,1215,1224,8823
8834,1214,1223,8824
8835,1213,1222,8826
8837,1047,1221,8827
8838,12916,1220,8828
8839,12915,1219,8829
8840,12914,1218,8830
8841,12913,1217,8831
8842,12912,1216,8832
8843,12911,1215,8833
8844,12910,1214,8834
8845,12909,1213,8835
8846,12908,1047,8837
8847,1046,12916,8838
8849,1045,12915,8839
8850,1044,12914,8840
8851,1042,12913,8841
8852,1041,12912,8842
8853,1039,12911,8843
8854,1036,12910,8844
8855,6600,12909,8845
12152,1032,12908,8846
12153,1031,1046,8847
12155,6599,1045,8849
12156,6598,1044,8850
12157,6597,1042,8851
12158,1025,1041,8852
12159,6596,1039,8853
12160,1023,1036,8854
12161,6595,6600,8855
12162,6594,1032,12152
12163,1020,1031,12153
12164,1019,6599,12155
12165,6593,6598,12156
12166,1015,6597,12157
12167,6592,1025,12158
12168,1013,6596,12159
12169,6591,1023,12160
12170,6590,6595,12161
12171,1010,6594,12162
12172,1009,1020,12163
12173,6589,1019,12164
12174,1007,6593,12165
12175,1005,1015,12166
12176,6588,6592,12167
12177,1002,1013,12168
12178,6587,6591,12169
12179,6586,6590,12170
12180,6585,1010,12171
12181,6584,1009,12172
12182,6583,6589,12173
12183,6582,1007,12174
12184,12006,1005,12175
12185,6581,6588,12176
12186,12005,1002,12177
12187,12004,6587,12178
12188,6580,6586,12179
12189,6579,6585,12180
12190,6578,6584,12181
12191,6577,6583,12182
12305,6576,6582,12183
12327,6575,12006,12184
12328,6574,6581,12185
12329,6573,12005,12186
12330,6572,12004,12187
12331,6571,6580,12188
12333,6570,6579,12189
12334,6569,6578,12190
12335,6568,6577,12191
12336,6567,6576,12305
12337,6566,6575,12327
12338,6565,6574,12328
12339,6564,6573,12329
12340,6563,6572,12330
12341,6562,6571,12331
12342,6561,6570,12333
12343,6560,6569,12334
12344,6559,6568,12335
12345,6558,6567,12336
12346,6557,6566,12337
9073,6556,6565,12338
9074,6555,6564,12339
9075,6554,6563,12340
9076,6553,6562,12341
9077,6552,6561,12342
9078,6551,6560,12343
9079,6550,6559,12344
9080,6549,6558,12345
9081,6548,6557,12346
9082,6547,6556,9073
9083,6546,6555,9074
9084,6545,6554,9075
9085,6544,6553,9076
9086,6543,6552,9077
12348,6542,6551,9078
9088,6541,6550,9079
9089,6540,6549,9080
12349,6539,6548,9081
8856,6538,6547,9082
8857,6537,6546,9083
8858,13267,6545,9084
8859,6536,6544,9085
8860,6535,6543,9086
8861,6534,6542,12348
8862,9661,6541,9088
8864,9660,6540,9089
8865,9659,6539,12349
8866,9658,6538,8856
8867,9657,6537,8857
8868,9656,13267,8858
8870,9655,6536,8859
8871,9654,6535,8860
8872,9653,6534,8861
8873,9652,9661,8862
8874,9651,9660,8864
8875,9650,9659,8865
8876,13307,9658,8866
8877,13306,9657,8867
8878,13280,9656,8868
8879,13279,9655,8870
8880,13278,9654,8871
8881,13277,9653,8872
8882,13276,9652,8873
8883,13275,9651,8874
8884,13274,9650,8875
8885,13273,13307,8876
8886,13272,13306,8877
8887,13271,13280,8878
8888,13270,13279,8879
8889,13268,13278,8880
8890,6533,13277,8881
8891,6532,13276,8882
8892,6531,13275,8883
8893,6530,13274,8884
8895,6528,13273,8885
8897,6527,13272,8886
8898,6526,13271,8887
12192,6525,13270,8888
12193,6524,13268,8889
12194,6523,6533,8890
12195,6522,6532,8891
12196,6521,6531,8892
12198,6520,6530,8893
12199,6519,6528,8895
12200,6518,6527,8897
12201,6517,6526,8898
12202,6516,6525,12192
12203,6515,6524,12193
12204,6514,6523,12194
12205,6513,6522,12195
12206,6512,6521,12196
12207,6511,6520,12198
12209,6510,6519,12199
12210,6509,6518,12200
12211,6508,6517,12201
12212,6507,6516,12202
12213,6506,6515,12203
12214,6505,6514,12204
12215,6504,6513,12205
12216,6503,6512,12206
12217,6502,6511,12207
12218,6501,6510,12209
12219,6500,6509,12210
12220,6499,6508,12211
12221,6498,6507,12212
12222,6497,6506,12213
12223,6496,6505,12214
12224,6495,6504,12215
12225,6494,6503,12216
12226,6493,6502,12217
12227,6492,6501,12218
12228,6491,6500,12219
12229,6490,6499,12220
12230,6489,6498,12221
12379,6488,6497,12222
12380,6487,6496,12223
12382,6486,6495,12224
12383,6485,6494,12225
8899,6484,6493,12226
8900,6483,6492,12227
8901,6482,6491,12228
8902,6481,6490,12229
8903,6480,6489,12230
8904,6479,6488,12379
8905,6478,6487,12380
8906,6477,6486,12382
8907,6476,6485,12383
8908,6475,6484,8899
8909,6474,6483,8900
8910,6473,6482,8901
8911,6472,6481,8902
8912,6471,6480,8903
12384,3972,6479,8904
8914,3971,6478,8905
8915,3970,6477,8906
8916,3969,6476,8907
8917,3968,6475,8908
8918,3967,6474,8909
8919,3966,6473,8910
8920,3965,6472,8911
8921,3964,6471,8912
8922,3963,3972,12384
8923,12003,3971,8914
8924,3962,3970,8915
8925,3961,3969,8916
8926,3960,3968,8917
8927,3959,3967,8918
8928,3958,3966,8919
8929,3957,3965,8920
8930,496,3964,8921
8931,13235,3963,8922
8932,13234,12003,8923
8933,13266,3962,8924
8934,13265,3961,8925
12385,13264,3960,8926
8936,13263,3959,8927
8937,13262,3958,8928
8938,13261,3957,8929
12038,13260,496,8930
12039,13259,13235,8931
8941,13258,13234,8932
8942,13257,13266,8933
12040,13256,13265,8934
12041,13255,13264,12385
12042,13254,13263,8936
12043,13253,13262,8937
12044,13252,13261,8938
12045,13251,13260,12038
12046,13250,13259,12039
12047,13249,13258,8941
12048,13248,13257,8942
12050,13247,13256,12040
12051,13245,13255,12041
12052,13243,13254,12042
12053,13242,13253,12043
12054,13241,13252,12044
12055,13240,13251,12045
12056,13238,13250,12046
12057,13237,13249,12047
12058,13236,13248,12048
12059,12400,13247,12050
12060,12399,13245,12051
12061,298,13243,12052
12062,10081,13242,12053
12063,10080,13241,12054
12064,10079,13240,12055
12065,11633,13238,12056
12066,6467,13237,12057
12067,6463,13236,12058
12068,12846,12400,12059
12069,12845,12399,12060
12070,12844,298,12061
12071,12843,10081,12062
12072,12842,10080,12063
12073,12841,10079,12064
12074,12840,11633,12065
12231,12839,6467,12066
12232,12838,6463,12067
12233,12836,12846,12068
12234,6462,12845,12069
12235,6461,12844,12070
12236,6460,12843,12071
12237,6459,12842,12072
12238,6458,12841,12073
12239,6457,12840,12074
8943,6456,12839,12231
12240,6455,12838,12232
8945,6454,12836,12233
8946,6453,6462,12234
8947,6452,6461,12235
8948,6451,6460,12236
8949,6450,6459,12237
8950,6449,6458,12238
8951,6448,6457,12239
8952,6447,6456,8943
8953,1118,6455,12240
8954,1116,6454,8945
8955,1110,6453,8946
8956,1101,6452,8947
8957,1095,6451,8948
8958,1093,6450,8949
8959,1090,6449,8950
8960,1087,6448,8951
12241,1086,6447,8952
8962,1085,1118,8953
8963,1081,1116,8954
8964,1080,1110,8955
8965,1077,1101,8956
8966,1076,1095,8957
8967,6446,1093,8958
8969,12837,1090,8959
8970,12834,1087,8960
12242,12833,1086,12241
8972,12832,1085,8962
8973,12831,1081,8963
8974,12830,1080,8964
12413,12829,1077,8965
8975,12828,1076,8966
8977,12827,6446,8967
8978,6445,12837,8969
8979,6444,12834,8970
8980,6443,12833,12242
8981,6442,12832,8972
8982,6441,12831,8973
8983,6440,12830,8974
8984,6439,12829,12413
8985,6438,12828,8975
8986,6437,12827,8977
9261,6436,6445,8978
9262,6435,6444,8979
9263,6434,6443,8980
9265,6433,6442,8981
9267,6432,6441,8982
9268,6431,6440,8983
12350,6430,6439,8984
12351,6429,6438,8985
12352,6428,6437,8986
12353,6427,6436,9261
12355,6426,6435,9262
12356,909,6434,9263
12357,6425,6433,9265
12358,906,6432,9267
12359,905,6431,9268
12360,897,6430,12350
12361,891,6429,12351
12362,889,6428,12352
12363,888,6427,12353
12364,886,6426,12355
12365,878,909,12356
12366,876,6425,12357
12367,875,906,12358
12368,869,905,12359
12369,11632,897,12360
12370,11631,891,12361
12075,11630,889,12362
12077,11629,888,12363
12078,1075,886,12364
12079,1074,878,12365
12080,1073,876,12366
12081,1072,875,12367
12082,1071,869,12368
12083,1070,11632,12369
12084,1069,11631,12370
12085,1068,11630,12075
12087,1067,11629,12077
8987,1065,1075,12078
8988,1064,1074,12079
8989,1061,1073,12080
8991,1059,1072,12081
8992,1058,1071,12082
8994,1057,1070,12083
12088,1052,1069,12084
8996,1051,1068,12085
8997,1050,1067,12087
8998,1049,1065,8987
8999,6424,1064,8988
9000,6423,1061,8989
9001,6422,1059,8991
9002,6421,1058,8992
9003,6420,1057,8994
9004,6419,1052,12088
9005,6418,1051,8996
9006,6417,1050,8997
9007,6416,1049,8998
9008,6415,6424,8999
9009,6414,6423,9000
9010,6413,6422,9001
12089,6412,6421,9002
9012,6411,6420,9003
9013,6410,6419,9004
12090,6409,6418,9005
12092,6408,6417,9006
9014,6407,6416,9007
9015,6406,6415,9008
9016,6404,6414,9009
9017,862,6413,9010
9018,861,6412,12089
9019,860,6411,9012
9020,855,6410,9013
9021,854,6409,12090
9022,853,6408,12092
9023,849,6407,9014
9024,847,6406,9015
9025,842,6404,9016
9026,841,862,9017
9027,836,861,9018
9028,834,860,9019
9029,833,855,9020
12243,826,854,9021
12244,823,853,9022
12245,822,849,9023
12246,820,847,9024
12247,12415,842,9025
12248,12397,841,9026
12249,6405,836,9027
12250,6403,834,9028
12251,6402,833,9029
12252,6401,826,12243
12253,6400,823,12244
12254,6399,822,12245
12255,6398,820,12246
12256,6397,12415,12247
12257,6396,12397,12248
12258,6395,6405,12249
12259,6394,6403,12250
12260,6393,6402,12251
12261,6392,6401,12252
12262,6391,6400,12253
12263,6390,6399,12254
12264,6389,6398,12255
12265,6388,6397,12256
12266,6387,6396,12257
12267,6386,6395,12258
12306,6385,6394,12259
12307,6384,6393,12260
12308,6383,6392,12261
12309,999,6391,12262
12310,997,6390,12263
12311,995,6389,12264
12312,990,6388,12265
12313,982,6387,12266
12314,980,6386,12267
12315,978,6385,12306
12316,976,6384,12307
12317,974,6383,12308
12318,972,999,12309
12319,971,997,12310
12320,969,995,12311
12321,965,990,12312
12322,964,982,12313
9030,962,980,12314
9031,960,978,12315
12323,957,976,12316
9033,956,974,12317
9034,12826,972,12318
9035,12825,971,12319
9036,12824,969,12320
9037,12823,965,12321
12324,12822,964,12322
9039,12821,962,9030
12325,12820,960,9031
9041,12819,957,12323
9042,6382,956,9033
9043,6381,12826,9034
9045,6380,12825,9035
9046,6379,12824,9036
9047,6378,12823,9037
9048,6377,12822,12324
9049,12818,12821,9039
9050,12817,12820,12325
9051,12816,12819,9041
9052,12815,6382,9042
9053,12814,6381,9043
9054,12813,6380,9045
9055,12812,6379,9046
9056,12811,6378,9047
9057,12810,6377,9048
9058,12809,12818,9049
9059,12808,12817,9050
9060,12807,12816,9051
9061,6376,12815,9052
9062,6375,12814,9053
9063,6374,12813,9054
9064,6373,12812,9055
9065,6372,12811,9056
9066,6371,12810,9057
9067,6370,12809,9058
9068,6369,12808,9059
9069,6368,12807,9060
9070,1164,6376,9061
9071,1163,6375,9062
9072,1155,6374,9063
12091,1152,6373,9064
12093,1151,6372,9065
12094,1150,6371,9066
12095,1149,6370,9067
12096,1146,6369,9068
12097,1142,6368,9069
12098,1139,1164,9070
12099,1138,1163,9071
12100,1137,1155,9072
12101,1132,1152,12091
12102,1129,1151,12093
12103,1128,1150,12094
9355,1127,1149,12095
12104,6367,1146,12096
12106,6366,1142,12097
12107,6365,1139,12098
12108,6364,1138,12099
12109,6363,1137,12100
12268,12405,1132,12101
12269,12404,1129,12102
12270,12403,1128,12103
12271,12402,1127,9355
12272,12401,6367,12104
12273,1169,6366,12106
12274,1167,6365,12107
12275,6362,6364,12108
12276,12835,6363,12109
12277,12806,12405,12268
12278,12805,12404,12269
12279,12804,12403,12270
12280,12803,12402,12271
12281,12802,12401,12272
12282,12801,1169,12273
12283,12800,1167,12274
12284,6361,6362,12275
12285,6360,12835,12276
12286,6359,12806,12277
12287,6358,12805,12278
12288,6357,12804,12279
12289,6356,12803,12280
12290,6355,12802,12281
9260,6354,12801,12282
12291,6353,12800,12283
12292,6352,6361,12284
12293,6351,6360,12285
12294,6350,6359,12286
12295,6349,6358,12287
12296,6348,6357,12288
12297,6347,6356,12289
12298,6346,6355,12290
8768,6345,6354,9260
8769,6344,6353,12291
8770,6343,6352,12292
8771,6342,6351,12293
8772,954,6350,12294
8773,6341,6349,12295
8774,945,6348,12296
8775,944,6347,12297
12299,935,6346,12298
8776,933,6345,8768
8777,927,6344,8769
12371,919,6343,8770
8779,11600,6342,8771
8780,11599,954,8772
8781,11598,6341,8773
8782,11597,945,8774
12372,11596,944,8775
8784,11595,935,12299
8785,11594,933,8776
8786,11592,927,8777
8787,299,919,12371
8788,11593,11600,8779
8789,11591,11599,8780
8790,11590,11598,8781
8791,1909874,11597,8782
8792,1909873,11596,12372
8793,11589,11595,8784
8794,11588,11594,8785
8795,11587,11592,8786
8796,11586,299,8787
12373,11585,11593,8788
8798,1231005,11591,8789
8799,1231004,11590,8790
8800,1231003,1909874,8791
8801,297,1909873,8792
8802,296,11589,8793
8803,295,11588,8794
8804,294,11587,8795
8805,293,11586,8796
8806,292,11585,12373
8807,11584,1231005,8798
8808,11583,1231004,8799
8809,11582,1231003,8800
8810,11581,297,8801
8811,291,296,8802
12374,290,295,8803
12375,289,294,8804
12376,288,293,8805
12377,287,292,8806
12378,286,11584,8807
12110,285,11583,8808
12111,284,11582,8809
12112,283,11581,8810
12113,282,291,8811
12114,281,290,12374
12115,280,289,12375
12116,279,288,12376
9521,278,287,12377
12118,277,286,12378
9523,276,285,12110
9524,275,284,12111
9525,274,283,12112
9526,273,282,12113
12119,272,281,12114
12120,271,280,12115
12121,270,279,12116
12122,269,278,9521
12123,268,277,12118
12124,267,276,9523
12125,266,275,9524
12126,265,274,9525
12127,264,273,9526
12128,263,272,12119
12129,262,271,12120
12130,261,270,12121
12131,260,269,12122
12132,259,268,12123
12133,258,267,12124
9542,257,266,12125
9543,256,265,12126
12134,255,264,12127
9545,254,263,12128
12136,253,262,12129
12137,11580,261,12130
8812,11579,260,12131
8813,11578,259,12132
8814,11577,258,12133
12138,11576,257,9542
12139,11575,256,9543
11230,11574,255,12134
11231,11573,254,9545
11233,11572,253,12136
11234,11571,11580,12137
11235,11570,11579,8812
11236,11569,11578,8813
11237,11568,11577,8814
11238,11567,11576,12138
11239,11566,11575,12139
11240,11565,11574,11230
11241,252,11573,11231
11242,720,11572,11233
11244,718,11571,11234
11245,716,11570,11235
11246,712,11569,11236
11258,711,11568,11237
11259,710,11567,11238
11260,708,11566,11239
11261,707,11565,11240
11262,704,252,11241
11263,703,720,11242
11264,699,718,11244
11265,698,716,11245
11266,696,712,11246
11267,695,711,11258
11268,686,710,11259
11269,680,708,11260
11270,11564,707,11261
11271,11563,704,11262
11272,11562,703,11263
11273,675445,699,11264
11274,251,698,11265
11276,250,696,11266
11277,249,695,11267
10675,248,686,11268
10677,247,680,11269
10682,11561,11564,11270
10683,11560,11563,11271
10684,246,11562,11272
10685,245,675445,11273
10686,244,251,11274
10688,243,250,11276
10689,242,249,11277
10690,241,248,10675
10691,240,247,10677
10692,239,11561,10682
10693,238,11560,10683
10696,237,246,10684
10697,236,245,10685
10698,235,244,10686
10699,234,243,10688
10700,233,242,10689
10701,232,241,10690
10702,231,240,10691
10703,230,239,10692
10705,229,238,10693
10706,228,237,10696
10707,227,236,10697
10708,226,235,10698
10710,225,234,10699
10711,224,233,10700
10712,223,232,10701
10713,222,231,10702
10714,221,230,10703
10715,220,229,10705
10716,219,228,10706
10717,218,227,10707
10718,217,226,10708
12499,216,225,10710
12500,215,224,10711
12502,214,223,10712
12503,213,222,10713
12504,212,221,10714
12505,211,220,10715
12506,210,219,10716
12507,209,218,10717
12508,208,217,10718
12509,207,216,12499
12510,11628,215,12500
12511,11627,214,12502
11279,11626,213,12503
11280,11625,212,12504
11281,11624,211,12505
11282,11623,210,12506
11283,11622,209,12507
11284,11621,208,12508
11285,11620,207,12509
11286,11619,11628,12510
11287,11618,11627,12511
11288,11617,11626,11279
11289,11616,11625,11280
11290,11615,11624,11281
11291,11614,11623,11282
11293,11613,11622,11283
11294,11612,11621,11284
11295,11611,11620,11285
11296,11610,11619,11286
11297,11609,11618,11287
11298,206,11617,11288
11299,10108,11616,11289
11300,666,11615,11290
11301,663,11614,11291
11302,654,11613,11293
11304,645,11612,11294
11306,10115,11611,11295
11307,10114,11610,11296
11308,10113,11609,11297
11309,10112,206,11298
11310,10111,10108,11299
11311,10110,666,11300
11312,10109,663,11301
11313,371,654,11302
11314,370,645,11304
11315,369,10115,11306
11316,368,10114,11307
11317,367,10113,11308
11318,366,10112,11309
11319,365,10111,11310
11320,364,10110,11311
11321,363,10109,11312
11322,362,371,11313
10719,361,370,11314
10720,360,369,11315
10721,359,368,11316
10722,358,367,11317
10724,357,366,11318
10725,356,365,11319
10726,355,364,11320
10727,354,363,11321
10728,353,362,11322
10729,352,361,10719
10730,351,360,10720
10731,350,359,10721
10732,349,358,10722
10735,348,357,10724
10736,347,356,10725
10737,346,355,10726
10738,345,354,10727
10740,344,353,10728
10742,343,352,10729
10743,342,351,10730
10744,816,350,10731
10745,10107,349,10732
10746,12788,348,10735
10748,12787,347,10736
10749,12786,346,10737
10750,12785,345,10738
10751,12784,344,10740
10752,814,343,10742
10753,812,342,10743
10755,10106,816,10744
10756,10105,10107,10745
10757,10104,12788,10746
10758,10103,12787,10748
10759,10102,12786,10749
10760,806,12785,10750
10761,10101,12784,10751
10763,10100,814,10752
12512,802,812,10753
12513,10099,10106,10755
12514,10098,10105,10756
12515,10097,10104,10757
12516,797,10103,10758
12517,10096,10102,10759
12518,10095,806,10760
12519,10094,10101,10761
12546,10093,10100,10763
763704,10092,802,12512
763705,791,10099,12513
12532,790,10098,12514
12533,789,10097,12515
12534,10091,797,12516
12535,10090,10096,12517
12536,785,10095,12518
12537,10089,10094,12519
12538,10088,10093,12546
12539,10087,10092,763704
12540,10086,791,763705
12541,780,790,12532
12542,778,789,12533
12543,777,10091,12534
12544,776,10090,12535
12545,10085,785,12536
12547,10084,10089,12537
12548,10083,10088,12538
12549,10082,10087,12539
12550,771,10086,12540
12551,11608,780,12541
12552,11607,778,12542
12553,11606,777,12543
12554,11605,776,12544
12555,11604,10085,12545
12556,11603,10084,12547
11323,11602,10083,12548
11324,11601,10082,12549
11325,12799,771,12550
11326,12798,11608,12551
11327,12797,11607,12552
11328,12796,11606,12553
11329,12795,11605,12554
11330,12794,11604,12555
11331,12793,11603,12556
11333,12792,11602,11323
11334,12791,11601,11324
11335,12790,12799,11325
11336,12789,12798,11326
11337,763,12797,11327
11338,760,12796,11328
11339,759,12795,11329
11340,758,12794,11330
11341,757,12793,11331
11342,10078,12792,11333
11343,10077,12791,11334
11344,10076,12790,11335
11345,752,12789,11336
11346,10075,763,11337
11347,10074,760,11338
11348,10073,759,11339
11349,747,758,11340
11350,746,757,11341
11351,10072,10078,11342
11352,10071,10077,11343
11353,10070,10076,11344
11354,10069,752,11345
11355,10068,10075,11346
11356,736,10074,11347
11357,10067,10073,11348
11358,734,747,11349
11360,733,746,11350
11361,10066,10072,11351
11362,730,10071,11352
11363,10065,10070,11353
11364,10064,10069,11354
11365,9991,10068,11355
11366,9649,736,11356
11367,341,10067,11357
11368,340,734,11358
10764,339,733,11360
10765,338,10066,11361
10767,337,730,11362
10769,336,10065,11363
10770,335,10064,11364
10771,334,9991,11365
10772,333,9649,11366
10774,332,341,11367
10775,331,340,11368
10777,330,339,10764
10778,329,338,10765
10779,328,337,10767
10780,327,336,10769
10781,326,335,10770
10782,325,334,10771
10783,324,333,10772
10784,323,332,10774
10785,322,331,10775
10786,321,330,10777
10787,320,329,10778
10788,319,328,10779
10789,318,327,10780
10790,317,326,10781
10792,316,325,10782
10797,315,324,10783
10799,314,323,10784
10801,313,322,10785
10802,312,321,10786
10803,311,320,10787
10804,310,319,10788
10805,309,318,10789
10807,308,317,10790
10808,307,316,10792
12520,306,315,10797
12521,305,314,10799
12522,304,313,10801
12523,303,312,10802
12524,302,311,10803
12525,301,310,10804
12526,300,309,10805
12527,152,308,10807
12528,151,307,10808
12529,150,306,12520
12531,149,305,12521
13296,148,304,12522
13297,147,303,12523
13298,146,302,12524
13299,145,301,12525
12557,144,300,12526
12558,143,152,12527
12559,142,151,12528
12560,141,150,12529
12561,140,149,12531
11369,139,148,13296
11370,138,147,13297
11371,137,146,13298
11372,136,145,13299
11373,135,144,12557
11374,134,143,12558
11376,133,142,12559
11377,132,141,12560
11378,131,140,12561
11379,130,139,11369
11380,129,138,11370
11381,128,137,11371
11382,127,136,11372
11383,126,135,11373
11384,125,134,11374
11385,124,133,11376
11386,123,132,11377
11387,122,131,11378
11388,121,130,11379
11389,120,129,11380
11390,119,128,11381
11391,584,127,11382
11392,580,126,11383
11393,579,125,11384
11394,12414,124,11385
11396,12396,123,11386
11397,577,122,11387
11398,9603,121,11388
11399,13289,120,11389
11400,572,119,11390
11401,571,584,11391
11402,570,580,11392
11403,9602,579,11393
11404,13288,12414,11394
11405,566,12396,11396
11406,13287,577,11397
11407,564,9603,11398
11408,563,13289,11399
11409,562,572,11400
11410,13286,571,11401
11412,560,570,11402
11413,12393,9602,11403
10809,13285,13288,11404
10812,557,566,11405
10813,13284,13287,11406
10814,555,564,11407
10815,554,563,11408
10817,553,562,11409
10818,13290,13286,11410
10819,551,560,11412
10820,12391,12393,11413
10821,12390,13285,10809
10822,12389,557,10812
10823,12388,13284,10813
10824,13283,555,10814
10825,12386,554,10815
10826,13282,553,10817
10827,543,13290,10818
10828,11531,551,10819
10830,11529,12391,10820
10831,11528,12390,10821
10834,205,12389,10822
10835,204,12388,10823
10836,203,13283,10824
11414,202,12386,10825
11415,201,13282,10826
11416,200,543,10827
11417,199,11531,10828
11418,198,11529,10830
11419,197,11528,10831
11420,196,205,10834
11421,195,204,10835
11422,194,203,10836
11423,193,202,11414
11424,192,201,11415
11425,191,200,11416
11426,190,199,11417
11427,189,198,11418
11428,188,197,11419
11429,187,196,11420
11430,186,195,11421
11431,185,194,11422
11432,184,193,11423
11433,183,192,11424
11435,182,191,11425
11436,181,190,11426
11437,180,189,11427
11438,179,188,11428
11439,178,187,11429
11440,177,186,11430
11441,176,185,11431
11442,175,184,11432
11443,174,183,11433
11444,173,182,11435
11445,172,181,11436
11446,171,180,11437
11447,170,179,11438
11448,169,178,11439
11449,168,177,11440
11451,167,176,11441
11454,166,175,11442
11455,165,174,11443
11456,164,173,11444
11457,163,172,11445
11458,162,171,11446
9090,161,170,11447
9091,9648,169,11448
9092,629,168,11449
9093,9647,167,11451
9094,9646,166,11454
9095,9622,165,11455
9097,9645,164,11456
9098,9644,163,11457
9099,9643,162,11458
9100,622,161,9090
9101,621,9648,9091
9102,620,629,9092
9103,9642,9647,9093
9104,9641,9646,9094
9105,9640,9622,9095
9107,9639,9645,9097
9108,9638,9644,9098
9109,9637,9643,9099
9110,9636,622,9100
9111,611,621,9101
9112,610,620,9102
9113,9635,9642,9103
9114,9634,9641,9104
9115,9633,9640,9105
11459,9632,9639,9107
11460,605,9638,9108
11461,9631,9637,9109
11463,603,9636,9110
11464,9630,611,9111
11465,601,610,9112
11466,600,9635,9113
11467,599,9634,9114
11468,9629,9633,9115
11469,9628,9632,11459
11471,9627,605,11460
11472,9626,9631,11461
11473,594,603,11463
11474,593,9630,11464
11475,592,601,11465
11476,591,600,11466
11477,9625,599,11467
11478,589,9629,11468
11479,588,9628,11469
11480,9624,9627,11471
11481,11558,9626,11472
11482,11557,594,11473
11483,11556,593,11474
11484,11555,592,11475
11485,11554,591,11476
11486,11553,9625,11477
11487,9623,589,11478
11489,11552,588,11479
11490,11551,9624,11480
11491,11550,11558,11481
11492,11549,11557,11482
11493,11548,11556,11483
11494,11547,11555,11484
11495,11546,11554,11485
11496,11545,11553,11486
11497,11544,9623,11487
11498,87995,11552,11489
11499,87994,11551,11490
11500,87993,11550,11491
11501,87992,11549,11492
11502,87991,11548,11493
11503,11543,11547,11494
837195,11542,11546,11495
73039,11541,11545,11496
73040,11539,11544,11497
73041,11538,87995,11498
73042,11537,87994,11499
73043,998998,87993,11500
73044,998997,87992,11501
73045,11536,87991,11502
73046,11535,11543,11503
73047,11534,11542,837195
73049,11533,11541,73039
73050,11532,11539,73040
73051,12783,11538,73041
73052,12782,11537,73042
73053,12781,998998,73043
1326352,12780,998997,73044
1326353,12779,11536,73045
292936,12778,11535,73046
292937,12777,11534,73047
292938,12776,11533,73049
292939,12775,11532,73050
292940,12774,12783,73051
292941,12773,12782,73052
292942,12772,12781,73053
292943,12771,12780,1326352
292944,12770,12779,1326353
292945,9621,12778,292936
292946,9619,12777,292937
292947,9618,12776,292938
28277,535,12775,292939
28278,534,12774,292940
28279,9617,12773,292941
28280,531,12772,292942
28282,9616,12771,292943
28283,529,12770,292944
28284,9615,9621,292945
28286,9614,9619,292946
28267,525,9618,292947
28268,9613,535,28277
28269,9612,534,28278
28270,9611,9617,28279
28273,521,531,28280
28274,519,9616,28282
28275,9610,529,28283
1578891,9609,9615,28284
1578892,516,9614,28286
1484245,515,525,28267
1484246,514,9613,28268
1484247,9608,9612,28269
1484248,512,9611,28270
1484249,509,521,28273
1484250,9607,519,28274
1484251,9606,9610,28275
1484252,13292,9609,1578891
1484253,9605,516,1578892
2060404,503,515,1484245
381149,9604,514,1484246
381150,501,9608,1484247
381151,500,512,1484248
381152,13291,509,1484249
2060405,498,9607,1484250
2060406,160,9606,1484251
454675,159,13292,1484252
203006,158,9605,1484253
203007,157,503,2060404
203008,156,9604,381149
203009,155,501,381150
203011,154,500,381151
1073696,153,13291,381152
