523
515
442
527
527
527
442
854
936
556
527
788
884
884
443
510
830
408
555
534
652
2339
23708
3000043
3000045
301
3000172
3000194
3000202
3000206
3000217
3000235
3000240
3000073
3000324
279
3000337
3000339
13
434
3000012
3000147
3000178
523
515
442
527
527
527
442
854
936
556
527
788
884
884
443
510
830
408
555
534
652
2339
23708
3000043
3000045
301
3000172
3000194
3000202
3000206
3000217
3000235
3000240
3000073
3000324
279
3000337
3000339
13
434
3000012
3000147
3000178
523
515
442
527
527
527
442
854
936
556
527
788
884
884
443
510
830
408
555
534
652
2339
23708
3000043
3000045
301
3000172
3000194
3000202
3000206
3000217
3000235
3000240
3000073
3000324
279
3000337
3000339
13
434
3000012
3000147
3000178
523
515
442
527
527
527
442
854
936
556
527
788
884
884
443
510
830
408
555
534
652
2339
23708
3000043
3000045
301
3000172
3000194
3000202
3000206
3000217
3000235
3000240
3000073
3000324
279
3000337
3000339
13
434
3000012
3000147
3000178
523
515
442
527
527
527
442
854
936
556
527
788
884
884
443
510
830
408
555
534
652
2339
23708
3000043
3000045
301
3000172
3000194
3000202
3000206
3000217
3000235
3000240
3000073
3000324
279
3000337
3000339
13
434
3000012
3000147
3000178
523
515
442
527
527
527
442
854
936
556
527
788
884
884
443
510
830
408
555
534
652
2339
23708
3000043
3000045
301
3000172
3000194
3000202
3000206
3000217
3000235
3000240
3000073
3000324
279
3000337
3000339
13
434
3000012
3000147
3000178
