SSL_N_STORE_ID
9051726
9051727
9051728
9051729
9051730
9051731
9051732
9051733
9051734
9051735
9051736
9051737
9051738
9051739
9051740
9051741
9051742
9051743
9051744
9051745
9051746
9051747
9051748
9051749
9051750
9051751
9051752
9051753
9051754
9051755
9051756
9051757
9051758
9051759
9051760
9051761
9051762
9051763
9051764
9051765
9051766
9051767
9051768
9051769
9051770
9051771
9051772
9051459
9051460
9051461
9051463
9051464
9051465
9051466
9051467
9051468
9051469
9051470
9051471
9051472
9051473
9051474
9051475
9051476
9051477
9051478
9051479
9051480
9051481
9051482
9051483
9051484
9051485
9051486
9051487
9051499
9051500
9051501
9051502
9051503
9051504
9051505
9051506
9051507
9051508
9051509
9051510
9051511
9051512
9051513
9051514
9051515
9051516
9051517
9051518
9051519
9051520
9051521
9051522
9051523
9051524
9051525
9051526
9051527
9051528
9051529
9051530
9051531
9051532
9051533
9051534
9051535
9051536
9051537
9051538
9051539
9051540
9051541
9051542
9051543
9051544
9051545
9051546
9051547
9051548
9051549
9051550
9051551
9051552
9051553
9051554
9051555
9051556
9051557
9051558
9051559
9051560
9051561
9051562
9051563
9051564
9051565
9051566
9051567
9051568
9051569
9051570
9051571
9051572
9051573
9051574
9051575
9051576
9051577
9051773
9051774
9051775
9051776
9051777
9051778
9051779
9051780
9051782
9051783
9051784
9051785
9051786
9051787
9051788
9051789
9051790
9051791
9051792
9051793
9051794
9051795
9051796
9051797
9051798
9051799
9051800
9051801
9051802
9051803
9051804
9051805
9051806
9051807
9051808
9051809
9051810
9051811
9051812
9051813
9051814
9051815
9051816
9051817
9051818
9051819
9051820
9051821
9051822
9051823
9051824
9051825
9051826
9051827
9051828
9051829
9051830
9051831
9051832
9051833
9051834
9051835
9051836
9051837
9051838
9051839
9051840
9051841
9051842
9051843
9051844
9051845
9051846
9051847
9051848
9051849
9051850
9051851
9051852
9051853
9051854
9051855
9051856
9051858
9051859
9051860
9051861
9051862
9051863
9051864
9051865
9051866
9051867
9051868
9051869
9051870
9051871
9051872
9051873
9051874
9051875
9051876
9051877
9051878
9051879
9051880
9051881
9051882
9051883
9051884
9051885
9051887
9051888
9051889
9051890
9051891
9051892
9051893
9051894
9051895
9051896
9051897
9051898
9051901
9051902
9051903
9051904
9051905
9051906
9051907
9051908
9051909
9051910
9051911
9051912
9051913
9051914
9051915
9051916
9051918
9051919
9051920
9051921
9051922
9051923
9051924
9051925
9051926
9051927
9051928
9051929
9051930
9051931
9051932
9051934
9051935
9051936
9051937
9051938
9051939
9051940
9051941
9051942
9051943
9051944
9051945
9051946
9051947
9051948
9051949
9051950
9051951
9051952
9051953
9051954
9051955
9051956
9051957
9051958
9051578
9051579
9051580
9051581
9051582
9051583
9051584
9051585
9051586
9051587
9051588
9051589
9051590
9051591
9051592
9051593
9051594
9051595
9051596
9051597
9051598
9051599
9051600
9051601
9051602
9051604
9051605
9051606
9051607
9051608
9051609
9051610
9051611
9051612
9051613
9051614
9051615
9051616
9051617
9051618
9051619
9051621
9051622
9051623
9051624
9051625
9051626
9051627
9051628
9051629
9051630
9051631
9051632
9051633
9051634
9051635
9051636
9051637
9051638
9051639
9051640
9051641
9051642
9051643
9051644
9051645
9051646
9051647
9051648
9051649
9051650
9051651
9051652
9051653
9051654
9051655
9051656
9051657
9051658
9051659
9051620
9051661
9051662
9051663
9051664
9051665
9051666
9051667
9051668
9051669
9051670
9051671
9051672
9051673
9051674
9051675
9051676
9051677
9051678
9051679
9051680
9051681
9051682
9051683
9051684
9051685
9051686
9051687
9051688
9051689
9051690
9051691
9051692
9051693
9051694
9051695
9051696
9051697
9051698
9051699
9051700
9051701
9051702
9051703
9051704
9051705
9051706
9051707
9051708
9051709
9051710
9051711
9051712
9051713
9051714
9051715
9051716
9051717
9051718
9051719
9051720
9051721
9051722
9051723
9051724
9051725
9051488
9051490
9051491
9051492
9051493
9051494
9051495
9051496
9051497
9051498
9051959
9831542
9831543
9831544
9831545
9831546
9831548
9831549
9831550
9831551
9831552
9831553
9831554
9831555
9831556
9831557
9831558
9831559
9831560
9831561
9831562
9831563
9831564
9831565
9831566
9831567
9831568
9831569
9831570
9831571
9051982
9051983
9051984
9051985
9051986
9051987
9051989
9051990
9051991
9051993
9051994
9051995
9051997
9051999
9052000
9052001
9052002
9052003
9052004
9052005
9052007
9051960
9051961
9051962
9051963
9051964
9051965
9051966
9051967
9051968
9051969
9051970
9051971
9051972
9051973
9051974
9051975
9051976
9051977
9051978
9051979
9051980
9052046
9052047
9052048
9052049
9052051
9052053
9052054
9052055
9052056
9052057
9052058
9052059
9052060
9052061
9052062
9052063
9052064
9052065
9052066
9052067
9052068
9052069
9052070
9052071
9052072
9052074
9052075
9052076
9052077
9052008
9052009
9052011
9052012
9052013
9052014
9052015
9052016
9052017
9052018
9052019
9052020
9052021
9052022
9052023
9052024
9052025
9052026
9052027
9052028
9052029
9052030
9052031
9052032
9052033
9052034
9052035
9052036
9052037
9052038
9052039
9052040
9052041
9052042
9052043
9052044
9052045
9052109
9052110
9052111
9052112
9052113
9052114
9052115
9052116
9052118
9052119
9052120
9052122
9052123
9052124
9052125
9052126
9052127
9052128
9052129
9052130
9052131
9052132
9052134
9052078
9052079
9052080
9052081
9052082
9052083
9052084
9052085
9052086
9052088
9052089
9052090
9052091
9052092
9052093
9052094
9052097
9052099
9052100
9052101
9052102
9052103
9052104
9052105
9052106
9052108
9052136
9052137
9052138
9052139
9052140
9052141
9052142
9052143
9052144
9052145
9052146
9052147
9052148
9052149
9052150
9052151
9052152
9052153
9052154
9052155
9052757
9052758
9052759
9052760
9052761
9052762
9052764
9052766
9052768
9052769
9052770
9052771
9052773
9052774
9052777
9052779
9052781
9052782
9052784
9052785
9052786
9052788
9052824
9052825
9052827
9052829
9052830
9052831
9052833
9052834
9052835
9052836
9052838
9052839
9052840
9052841
9052842
9052843
9052789
9052790
9052791
9052795
9052797
9052798
9052799
9052800
9052803
9052805
9052806
9052807
9052809
9052810
9052811
9052812
9052813
9052815
9052816
9052817
9052818
9052820
9052821
9052822
9052823
10191394
9831764
9831765
9831766
9831767
9831768
9831769
9831770
9831771
9831772
9831773
9831776
10191586
10191587
9831777
9831778
9831779
9831780
9831781
9831782
9831783
9831784
9831785
9831786
9831787
