SSL_N_STORE_ID
9051499
9051500
9051501
9051502
9051503
9051504
9051505
9051506
9051507
9051508
9051509
9051510
9051511
9051512
9051513
9051514
9051515
9051516
9051517
9051518
9051519
9051520
9051521
9051522
9051523
9051524
9051525
9051526
9051527
9051528
9051529
9051530
9051531
9051532
9051533
9051534
9051535
9051536
9051537
9051538
9051539
9051540
9051541
9051542
9051543
9051544
9051545
9051546
9051547
9051548
9051549
9051550
9051551
9051552
9051553
9051554
9051555
9051556
9051557
9051558
9051559
9051560
9051561
9051562
9051563
9051564
9051565
9051566
9051567
9051568
9051569
9051570
9051571
9051572
9051573
9051574
9051575
9051576
9051577
9051773
9051774
9051775
9051776
9051777
9051778
9051779
9051780
9051781
9051782
9051783
9051784
9051785
9051786
9051787
9051788
9051789
9051790
9051791
9051792
9051793
9051794
9051795
9051796
9051797
9051798
9051799
9051800
9051801
9051802
9051803
9051804
9051805
9051806
9051807
9051808
9051809
9051810
9051811
9051812
9051813
9051814
9051815
9051816
9051817
9051818
9051819
9051820
9051821
9051822
9051823
9051824
9051825
9051826
9051827
9051828
9051829
9051830
9051831
9051832
9051833
9051834
9051835
9051836
9051837
9051838
9051839
9051840
9051841
9051842
9051843
9051844
9051845
9051846
9051847
9051848
9051849
9051850
9051851
9051852
9051853
9051854
9051855
9051856
9051857
9051858
9051859
9051860
9051861
9051862
9051863
9051864
9051865
9051866
9051867
9051868
9051869
9051870
9051871
9051872
9051873
9051874
9051875
9051876
9051877
9051878
9051879
9051880
9051881
9051882
9051883
9051884
9051885
9051886
9051887
9051888
9051889
9051890
9051891
9051892
9051893
9051894
9051895
9051896
9051897
9051898
9051899
9051900
9051901
9051902
9051903
9051904
9051905
9051906
9051907
9051908
9051909
9051910
9051911
9051912
9051913
9051914
9051915
9051916
9051917
9051918
9051919
9051920
9051921
9051922
9051923
9051924
9051925
9051926
9051927
9051928
9051929
9051930
9051931
9051932
9051933
9051934
9051935
9051936
9051937
9051938
9051939
9051940
9051941
9051942
9051943
9051944
9051945
9051946
9051947
9051948
9051949
9051950
9051951
9051952
9051953
9051954
9051955
9051956
9051957
9051958
9051578
9051579
9051580
9051581
9051582
9051583
9051584
9051585
9051586
9051587
9051588
9051589
9051590
9051591
9051592
9051593
9051594
9051595
9051596
9051597
9051598
9051599
9051600
9051601
9051602
9051603
9051604
9051605
9051606
9051607
9051608
9051609
9051610
9051611
9051612
9051613
9051614
9051615
9051616
9051617
9051618
9051619
9051621
9051622
9051623
9051624
9051625
9051626
9051627
9051628
9051629
9051630
9051631
9051632
9051633
9051634
9051635
9051636
9051637
9051638
9051639
9051640
9051641
9051642
9051643
9051644
9051645
9051646
9051647
9051648
9051649
9051650
9051651
9051652
9051653
9051654
9051655
9051656
9051657
9051658
9051659
9051620
9051660
9051661
9051662
9051663
9051664
9051665
9051666
9051667
9051668
9051669
9051670
9051671
9051672
9051673
9051674
9051675
9051676
9051677
9051678
9051679
9051680
9051681
9051682
9051683
9051684
9051685
9051686
9051687
9051688
9051689
9051690
9051691
9051692
9051693
9051694
9051695
9051696
9051697
9051698
9051699
9051700
9051701
9051702
9051703
9051704
9051705
9051706
9051707
9051708
9051709
9051710
9051711
9051712
9051713
9051714
9051715
9051716
9051717
9051718
9051719
9051720
9051721
9051722
9051723
9051724
9051725
9051726
9051727
9051728
9051729
9051730
9051731
9051732
9051733
9051734
9051735
9051736
9051737
9051738
9051739
9051740
9051741
9051742
9051743
9051744
9051745
9051746
9051747
9051748
9051749
9051750
9051751
9051752
9051753
9051754
9051755
9051756
9051757
9051758
9051759
9051760
9051761
9051762
9051763
9051764
9051765
9051766
9051767
9051768
9051769
9051770
9051771
9051772
9051459
9051460
9051461
9051462
9051463
9051464
9051465
9051466
9051467
9051468
9051469
9051470
9051471
9051472
9051473
9051474
9051475
9051476
9051477
9051478
9051479
9051480
9051481
9051482
9051483
9051484
9051485
9051486
9051487
9051488
9051489
9051490
9051491
9051492
9051493
9051494
9051495
9051496
9051497
9051498
9051959
9052371
9052372
9052373
9052374
9052375
9052376
9052377
9052378
9052379
9052380
9052381
9052382
9052383
9052384
9052385
9052386
9052387
9052388
9052389
9052390
9052391
9052392
9052393
9052394
9052395
9052396
9052397
9052398
9052399
9052400
9052401
9052402
9052403
9052404
9052405
9052406
9052407
9052408
9052409
9052410
9052411
9052412
9052413
9052414
9052415
9052416
9052417
9052418
9052419
9052420
9052421
9052422
9052423
9052424
9052425
9052426
9052427
9052428
9052429
9052430
9052431
9052432
9052433
9052434
9052435
9052436
9052437
9052438
9052439
9052440
9052441
9052442
9052443
9052444
9052445
9052446
9052447
9052448
9052449
9052450
9051960
9051961
9051962
9051963
9051964
9051965
9051966
9051967
9051968
9051969
9051970
9051971
9051972
9051973
9051974
9051975
9051976
9051977
9051978
9051979
9051980
9051981
9051982
9051983
9051984
9051985
9052451
9052452
9052453
9052454
9052455
9052456
9052457
9052458
9052459
9052460
9052461
9052462
9052463
9052464
9052465
9052466
9052467
9052468
9052469
9052470
9052471
9052472
9052473
9052474
9052475
9052476
9052477
9052478
9052479
9052480
9052481
9052482
9052483
9052484
9052485
9052486
9052487
9052488
9052489
9051986
9051987
9051988
9051989
9051990
9051991
9051992
9051993
9051994
9051995
9051996
9051997
9051998
9051999
9052000
9052001
9052002
9052003
9052004
9052005
9052006
9052007
9052490
9052491
9052492
9052493
9052494
9052495
9052496
9052497
9052498
9052499
9052500
9052501
9052502
9052503
9052504
9052505
9052506
9052507
9052508
9052509
9052510
9052511
9052512
9052513
9052514
9052515
9052516
9052517
9052518
9052519
9052520
9052521
9052522
9052523
9052524
9052008
9052009
9052010
9052011
9052012
9052013
9052014
9052015
9052016
9052017
9052018
9052019
9052020
9052021
9052022
9052023
9052024
9052025
9052026
9052027
9052028
9052029
9052030
9052031
9052032
9052033
9052034
9052035
9052036
9052037
9052038
9052039
9052040
9052041
9052042
9052043
9052525
9052526
9052527
9052528
9052529
9052530
9052531
9052532
9052533
9052534
9052535
9052536
9052537
9052538
9052539
9052540
9052541
9052542
9052543
9052544
9052545
9052546
9052547
9052548
9052549
9052550
9052551
9052552
9052553
9052554
9052555
9052556
9052557
9052558
9052559
9052560
9052561
9052562
9052563
9052564
9052044
9052045
9052046
9052047
9052048
9052049
9052050
9052051
9052052
9052053
9052054
9052055
9052056
9052057
9052058
9052059
9052060
9052061
9052062
9052063
9052064
9052065
9052066
9052067
9052068
9052069
9052070
9052071
9052072
9052073
9052074
9052075
9052076
9052077
9052565
9052566
9052567
9052568
9052569
9052570
9052571
9052572
9052573
9052574
9052575
9052576
9052577
9052578
9052579
9052580
9052581
9052582
9052583
9052584
9052585
9052586
9052587
9052588
9052589
9052590
9052591
9052592
9052593
9052594
9052595
9052596
9052597
9052598
9052599
9052600
9052078
9052079
9052080
9052081
9052082
9052083
9052084
9052085
9052086
9052087
9052088
9052089
9052090
9052091
9052092
9052093
9052094
9052095
9052096
9052097
9052098
9052099
9052100
9052101
9052102
9052103
9052104
9052105
9052106
9052107
9052108
9052601
9052602
9052603
9052604
9052605
9052606
9052607
9052608
9052609
9052610
9052611
9052612
9052613
9052614
9052615
9052616
9052617
9052618
9052619
9052620
9052621
9052622
9052623
9052624
9052625
9052626
9052627
9052628
9052629
9052630
9052631
9052632
9052633
9052634
9052635
9052636
9052637
9052109
9052110
9052111
9052112
9052113
9052114
9052115
9052116
9052117
9052118
9052119
9052120
9052121
9052122
9052123
9052124
9052125
9052126
9052127
9052128
9052129
9052130
9052131
9052132
9052133
9052134
9052135
9052638
9052639
9052640
9052641
9052642
9052643
9052644
9052645
9052646
9052647
9052648
9052649
9052650
9052651
9052652
9052653
9052654
9052655
9052656
9052657
9052658
9052659
9052660
9052661
9052662
9052663
9052664
9052665
9052136
9052137
9052138
9052139
9052140
9052141
9052142
9052143
9052144
9052145
9052146
9052147
9052148
9052149
9052150
9052151
9052152
9052153
9052154
9052155
9052666
9052667
9052668
9052669
9052670
9052671
9052672
9052673
9052674
9052675
9052676
9052677
9052678
9052679
9052680
9052681
9052682
9052683
9052684
9052685
9052686
9052687
9052688
9052689
9052690
9052691
9052692
9052693
9052694
9052695
9052696
9052697
9052698
9052699
9052700
9052701
9052702
9052703
9052704
9052705
9052706
9052707
9052708
9052709
9052710
9052711
9052712
9052713
9052714
9052715
9052716
9052717
9052718
9052719
9052720
9052721
9052722
9052723
9052724
9052725
9052726
9052727
9052728
9052729
9052730
9052731
9052732
9052733
9052734
9052735
9052736
9052737
9052738
9052739
9052740
9052741
9052742
9052743
9052744
9052745
9052746
9052747
9052748
9052749
9052750
9052751
9052752
9052753
9052754
9052755
9052756
9052757
9052758
9052759
9052760
9052761
9052762
9052763
9052764
9052765
9052766
9052767
9052768
9052769
9052770
9052771
9052772
9052773
9052774
9052775
9052776
9052777
9052778
9052779
9052780
9052781
9052782
9052783
9052784
9052785
9052786
9052787
9052788
9052224
9052225
9052226
9052227
9052228
9052229
9052230
9052231
9052232
9052233
9052234
9052235
9052236
9052237
9052238
9052239
9052240
9052241
9052242
9052243
9052244
9052245
9052246
9052247
9052248
9052249
9052250
9052251
9052252
9052253
9052254
9052255
9052256
9052257
9052789
9052790
9052791
9052792
9052793
9052794
9052795
9052796
9052797
9052798
9052799
9052800
9052801
9052802
9052803
9052804
9052805
9052806
9052807
9052808
9052809
9052810
9052811
9052812
9052813
9052814
9052815
9052816
9052817
9052818
9052819
9052820
9052821
9052822
9052823
9052293
9052258
9052259
9052260
9052261
9052262
9052263
9052264
9052265
9052266
9052267
9052268
9052269
9052270
9052271
9052272
9052273
9052274
9052275
9052276
9052277
9052278
9052279
9052280
9052281
9052282
9052283
9052284
9052285
9052286
9052287
9052288
9052289
9052290
9052291
9052292
9052824
9052825
9052826
9052827
9052828
9052829
9052830
9052831
9052832
9052833
9052834
9052835
9052836
9052837
9052838
9052839
9052840
9052841
9052842
9052843
9052294
9052295
9052296
9052297
9052298
9052299
9052300
9052301
9052302
9052303
9052304
9052305
9052306
9052307
9052308
9052309
9052310
9052311
9052312
9052313
9052314
9052315
9052316
9052317
9052318
9052319
9052320
9052321
9052322
9052323
9052324
9052325
9052326
9052327
9052328
9052329
9052330
9052331
9052332
9052333
9052334
9052335
9052336
9052337
9052338
9052339
9052340
9052341
9052342
9052343
9052344
9052345
9052346
9052347
9052348
9052349
9052350
9052351
9052352
9052353
9052354
9052355
9052356
9052357
9052358
9052359
9052360
9052361
9052362
9052363
9052364
9052365
9052366
9052367
9052368
9052369
9052370
