50957597
50957602
50957577
50957608
50957612
50957623
50957628
50957637
50957639
50957649
50957650
50957652
50957660
50957673
50957676
50957682
50957693
50957696
50957706
50957709
50957711
50957720
50957747
50957754
50957777
50957790
50957793
50957796
50957818
50957825
50957832
50957841
50957842
50957881
50957904
50957908
50957909
50957915
50957930
50957935
50957954
50957957
50957960
50957968
50957976
50957989
50958002
50958005
50958013
50958017
50958026
50958039
50958063
50958084
50958094
50958099
50958102
50958113
50958118
50958123
50958126
50958132
50958138
50958154
50958167
50958170
50958183
50958185
50958187
50958188
50958195
50958196
50958200
50958201
50958211
50958212
50958217
50958219
50958238
50958249
50958251
50958260
50958262
50958264
50958288
50958294
50958323
50958324
50958338
50958339
50958399
50958401
50958402
50958427
50958432
50958433
50958489
50958497
50958499
50958502
50958503
50958513
50958521
50958524
50958525
50958610
50958626
50958627
50958633
50958647
50958653
50958655
50958663
50958682
50958689
50958692
50958694
50958695
50958739
50958752
50958756
50958778
50958780
50958804
50958828
50958835
50958886
50958921
50958930
50958932
50958949
50958975
50959010
50959021
50959038
50959045
50959049
50959081
50959082
50959098
50959181
50959185
50959198
50959206
50959217
50959236
50959239
50959246
50959251
50959269
50959315
50959316
50959340
50959344
50959345
50959353
50959354
50959355
50959368
50959383
50959399
50959405
50959445
50959447
50959493
50959502
50959540
50959572
50959585
50959604
50959610
50959621
50959638
50959725
50959774
50959801
50959805
50959845
50959848
50959852
50959854
50959857
50959859
50959875
50959878
50959885
50959913
50959923
50959977
50959982
50959997
50960001
50960006
50960018
50960040
50960050
50960057
50960071
50960114
50960153
50960156
50960158
50960170
50960173
50960185
50960186
50960191
50960202
50960205
50960209
50960210
50960213
50960248
50960256
50960257
50960281
50960283
50960320
50960323
50960324
50960334
50960335
50960353
50960364
50960370
50960371
50960380
50960389
50960398
50960409
50960439
50960442
50960469
50960476
50960519
50960532
50960533
50960536
50960540
50960542
50960546
50960551
50960553
50960563
50960579
50960590
50960591
50960599
50960610
50960678
50960701
50960704
50960714
50960724
50960764
50960774
50960800
50960810
50960822
50960825
50960836
50960854
50960855
50960866
50960877
50960884
50960900
50960902
50960907
50960933
50960942
50960947
50960962
50960964
50960970
50960976
50961018
50961033
50961036
50961068
50961088
50961097
50961098
50961101
50961108
50961109
50961123
50961147
50961190
50961196
50961204
50961208
50961228
50961248
50961296
50961307
50961315
50961333
50961338
50961343
50961375
50961403
50961420
50961428
50961434
50961441
50961493
50961495
50961524
50961528
50961530
50961545
50961557
50961593
50961606
50961616
50961618
50961656
50961663
50961694
50961698
50961727
50961729
50961730
50961742
50961755
50961776
50961777
50961778
50961779
50961782
50961789
50961796
50961822
50961837
50961840
50961866
50961875
50961887
50961889
50961895
50961898
50961910
50961923
50961948
50961951
50961962
50961975
50961992
50961994
50962021
50962022
50962034
50962071
50962079
50962137
50962140
50962145
50962146
50962148
50962159
50962170
50962212
50962215
50962222
50962226
50962229
50962233
50962247
50962263
50962269
50962279
50962348
50962355
50962363
50962398
50962405
50962406
50962407
50962415
50962419
50962422
50962443
50962447
50962451
50962457
50962458
50962475
50962485
50962497
50962511
50962540
50962549
50962558
50962559
50962568
50962575
50962585
50962607
50962645
50962658
50962663
50962691
50962723
50962724
50962734
50962749
50962752
50962778
50962779
50962783
50962789
50962797
50962813
50962856
50962866
50962867
50962889
50962898
50962899
50962914
50962922
50962936
50962946
50962956
50962963
50962967
50962973
50962981
50963000
50963007
50963027
50963038
50963050
50963058
50963089
50963126
50963127
50963132
50963134
50963149
50963151
50963156
50963187
50963260
50963281
50963283
50963284
50963289
50963328
50963343
50963348
50963377
50963378
50963379
50963387
50963395
50963423
50963441
50963442
50963452
50963461
50963464
50963467
50963516
50963523
50963533
50963560
50963564
50963577
50963580
50963587
50963592
50963598
50963599
50963609
50963615
50963618
50963632
50963633
50963635
50963644
50963652
50963654
50963661
50963714
50963770
50963800
50963808
50963826
50963833
50963835
50963836
50963841
50963844
50963863
50963877
50963880
50963906
50963946
50963963
50963987
50963990
50963999
50964004
50964012
50964026
50964029
50964075
50964095
50964105
50964107
50964123
50964131
50964139
50964143
50964149
50964150
50964165
50964175
50964177
50964210
50964216
50964248
50964253
50964258
50964294
50964303
50964315
50964319
50964324
50964362
50964363
50964366
50964386
50964393
50964419
50964439
50964443
50964455
50964457
50964501
50964503
50964513
50964566
50964587
50964602
50964624
50964637
50964667
50964673
50964697
50964698
50964750
50964754
50964775
50964791
50964809
50964824
50964826
50964828
50964840
50964845
50964850
50964868
50964871
50964904
50964905
50964961
50964973
50964978
50964991
50964998
50965020
50965024
50965033
50965043
50965047
50965051
50965054
50965070
50965073
50965088
50965095
50965102
50965122
50965126
50965133
50965145
50965151
50965153
50965167
50965170
50965175
50965176
50965177
50965209
50965213
50965216
50965219
50965238
50965246
50965263
50965269
50965277
50965281
50965318
50965337
50965341
50965347
50965357
50965370
50965376
50965385
50965391
50965406
50965409
50965418
50965432
50965434
50965474
50965476
50965512
50965518
50965524
50965540
50965549
50965569
50965572
50965577
50965607
50965633
50965639
50965656
50965676
50965681
50965684
50965689
50965696
50965701
50965707
50965716
50965722
50965734
50965736
50965760
50965770
50965784
50965792
50965815
50965819
50965826
50965835
50965860
50965862
50965863
50965892
50965898
50965922
50965950
50965953
50965967
50965968
50966008
50966032
50966062
50966063
50966070
50966081
50966084
50966096
50966100
50966101
50966103
50966105
50966108
50966113
50966118
50966120
50966123
50966131
50966150
50966157
50966167
50966214
50966237
50966244
50966309
50966341
50966342
50966347
50966362
50966367
50966374
50966379
50966387
50966395
50966402
50966440
50966447
50966455
50966456
50966459
50966499
50966503
50966504
50966512
50966560
50966575
50966577
50966578
50966584
50966634
50966636
50966666
50966685
50966707
50966724
50966747
50966760
50966762
50966786
50966787
50966805
50966807
50966810
50966822
50966850
50966862
50966867
50966874
50966877
50966905
50966907
50966931
50966992
50966993
50967009
50967062
50967063
50967083
50967106
50967110
50967123
50967142
50967148
50967150
50967155
50967156
50967158
50967163
50967164
50967173
50967182
50967183
50967201
50967206
50967208
50967211
50967221
50967233
50967278
50967280
50967344
50967355
50967356
50967377
50967389
50967392
50967405
50967417
50967427
50967431
50967438
50967476
50967480
50967486
50967502
50967508
50967534
50967553
50967558
50967571
50967577
50967578
50967588
50967593
50967614
50967621
50967625
50967645
50967646
50967655
50967658
50967664
50967673
50967680
50967682
50967686
50967701
50967736
50967739
50967745
50967747
50967748
50967762
50967784
50967790
50967797
50967847
50967848
50967850
50967879
50967885
50967934
50967988
50967993
50968024
50968025
50968036
50968065
50968105
50968110
50968140
50968159
50968174
50968194
50968232
50968240
50968263
50968275
50968288
50968312
50968313
50968371
50968387
50968402
50968407
50968427
50968434
50968452
50968453
50968456
50968461
50968476
50968480
50968495
50968569
50968591
50968601
50968619
50968654
50968707
50968713
50968752
50968755
50968764
50968765
50968807
50968819
50968841
50968852
50968867
50968868
50968869
50968872
50968884
50968889
50968897
50968908
50968910
50968919
50968926
50968937
50968939
50968940
50968954
50968981
50969003
50969040
50969049
50969072
50969073
50969075
50969082
50969103
50969108
50969147
50969157
50969162
50969165
50969178
50969200
50969243
50969258
50969274
50969284
50969285
50969286
50969300
50969322
50969332
50969342
50969362
50969363
50969364
50969365
50969372
50969385
50969386
50969387
50969388
50969400
50969421
50969436
50969450
50969476
50969484
50969524
50969528
50969566
50969584
50969586
50969639
50969674
50969696
50969716
50969752
50969753
50969759
50969794
50969801
50969814
50969843
50969853
50969860
50969919
50969927
50969952
50969957
50969960
50969965
50969969
50969990
50969992
50969998
50970009
50970016
50970022
50970039
50970049
50970066
50970131
50970135
50970144
50970152
50970156
50970175
50970188
50970241
50970265
50970283
50970296
50970319
50970321
50970343
50970350
50970366
50970374
50970384
50970389
50970406
50970419
50970421
50970426
50970427
50970443
50970445
50970461
50970471
50970483
50970498
50970514
50970520
50970526
50970540
50970553
50970575
50970583
50970587
50970590
50970593
50970594
50970616
50970619
50970624
50970647
50970683
50970709
50970713
50970719
50970721
50970739
50970746
50970749
50970760
50970779
50970791
50970814
50970817
50970824
50970862
50970867
50970899
50970900
50970905
50970907
50970927
50970953
50970969
50970982
50970999
50971009
50971035
50971078
50971079
50971087
50971094
50971100
50971103
50971130
50971164
50971179
50971199
50971205
50971228
50971251
50971263
50971264
50971272
50971281
50971294
50971304
50971311
50971314
50971320
50971322
50971345
50971351
50971358
50971363
50971376
50971386
50971389
50971391
50971406
50971427
50971435
50971444
50971445
50971448
50971453
50971459
50971471
50971495
50971499
50971503
50971504
50971513
50971534
50971551
50971553
50971561
50971578
50971589
50971603
50971610
50971629
50971631
50971633
50971637
50971639
50971641
50971646
50971657
50971682
50971691
50971707
50971713
50971719
50971731
50971741
50971742
50971756
50971758
50971792
50971795
50971797
50971817
50971844
50971887
50971906
50971928
50971976
50971980
50971993
50971995
50972030
50972057
50972061
50972062
50972074
50972080
50972093
50972102
50972127
50972128
50972141
50972144
50972150
50972159
50972162
50972196
50972202
50972211
50972217
50972235
50972287
50972308
50972317
50972318
50972335
50972353
50972393
50972406
50972412
50972444
50972456
50972457
50972475
50972516
50972532
50972535
50972556
50972581
50972584
50972592
50972602
50972612
50972614
50972646
50972649
50972655
50972666
50972684
50972689
50972717
50972718
50972754
50972762
50972827
50972842
50972846
50972872
50972877
50972942
50972948
50972974
50972990
50972991
50973001
50973003
50973035
50973049
50973068
50973070
50973082
50973086
50973092
50973096
50973117
50973120
50973122
50973129
50973131
50973132
50973134
50973169
50973176
50973194
50973196
50973201
50973205
50973209
50973227
50973240
50973243
50973253
50973261
50973289
50973294
50973301
50973308
50973314
50973335
50973368
50973382
50973385
50973389
50973486
50973498
50973513
50973518
50973523
50973530
50973560
50973592
50973594
50973621
50973634
50973648
50973649
50973660
50973668
50973675
50973678
50973688
50973701
50973713
50973741
50973764
50973792
50973797
50973806
50973812
50973833
50973841
50973854
50973893
50973914
50973936
50973953
50973957
50973964
50973976
50973996
50973998
50974002
50974006
50974008
50974012
50974013
50974014
50974030
50974037
50974044
50974052
50974073
50974078
50974080
50974084
50974085
50974111
50974125
50974143
50974157
50974166
50974168
50974172
50974184
50974188
50974189
50974201
50974205
50974217
50974234
50974310
50974316
50974350
50974360
50974363
50974376
50974379
50974382
50974414
50974427
50974436
50974443
50974444
50974454
50974482
50974500
50974505
50974515
50974520
50974531
50974540
50974566
50974568
50974610
50974649
50974677
50974689
50974701
50974712
50974728
50974747
50974751
50974763
50974769
50974771
50974773
50974799
50974808
50974821
50974823
50974824
50974828
50974835
50974871
50974879
50974887
50974897
50974901
50974908
50974921
50974933
50974934
50974967
50974971
50974982
50974983
50974988
50975024
50975026
50975036
50975045
50975054
50975055
50975057
50975058
50975061
50975104
50975115
50975117
50975139
50975153
50975200
50975243
50975246
50975247
50975274
50975278
50975280
50975289
50975302
50975342
50975366
50975367
50975369
50975387
50975407
50975414
50975429
50975430
50975451
50975452
50975469
50975476
50975477
50975481
50975490
50975491
50975500
50975501
50975505
50975518
50975534
50975538
50975553
50975554
50975565
50975583
50975585
50975590
50975592
50975595
50975603
50975631
50975639
50975686
50975697
50975700
50975709
50975715
50975727
50975733
50975735
50975769
50975773
50975796
50975804
50975818
50975829
50975843
50975870
50975876
50975885
50975889
50975891
50975897
50975902
50975908
50975922
50975926
50975930
50975934
50975990
50976001
50976003
50976007
50976035
50976036
50976045
50976056
50976095
50976127
50976147
50976167
50976207
50976208
50976232
50976235
50976237
50976246
50976253
50976261
50976263
50976277
50976292
50976302
50976317
50976322
50976334
50976338
50976346
50976364
50976366
50976369
50976372
50976379
50976381
50976388
50976392
50976399
50976409
50976410
50976415
50976424
50976434
50976446
50976450
50976459
50976462
50976464
50976472
50976474
50976506
50976512
50976521
50976529
50976533
50976536
50976542
50976554
50976555
50976558
50976562
50976568
50976576
50976581
50976582
50976605
50976610
50976612
50976616
50976617
50976624
50976625
50976629
50976653
50976656
50976657
50976661
50976674
50976679
50976680
50976682
50976687
50976690
50976703
50976708
50976717
50976723
50976729
50976738
50976758
50976763
50976766
50976771
50976794
50976802
50976804
50976806
50976809
50976814
50976818
50976828
50976843
50976855
50976860
50976879
50976887
50976898
50976903
50976910
50976917
50976922
50976923
50976924
50976941
50976949
50976959
50976964
50976967
50976969
50976979
50976995
50976999
50977014
50977020
50977051
50977057
50977083
50977104
50977107
50977159
50977173
50977195
50977202
50977220
50977221
50977224
50977228
50977241
50977256
50977262
50977283
50977291
50977311
50977325
50977337
50977355
50977377
50977384
50977385
50977390
50977393
50977411
50977417
50977425
50977446
50977450
50977458
50977468
50977472
50977484
50977491
50977507
50977510
50977528
50977536
50977539
50977547
50977563
50977567
50977571
50977587
50977588
50977600
50977611
50977617
50977618
50977620
50977630
50977631
50977637
50977645
50977646
50977651
50977658
50977670
50977671
50977686
50977701
50977702
50977715
50977742
50977744
50977755
50977756
50977761
50977767
50977780
50977782
50977796
50977801
50977803
50977808
50977835
50977888
50977891
50977898
50977900
50977905
50977910
50977921
50977923
50977938
50977950
50977956
50977977
50978002
50978025
50978034
50978045
50978058
50978061
50978069
50978078
50978083
50978089
50978093
50978095
50978110
50978112
50978115
50978117
50978118
50978119
50978121
50978122
50978137
50978140
50978143
50978144
50978152
50978153
50978157
50978162
50978164
50978168
50978170
50978181
50978183
50978194
50978195
50978205
50978206
50978208
50978216
50978222
50978226
50978227
50978228
50978234
50978236
50978239
50978243
50978244
50978249
50978260
50978263
50978267
50978268
50978279
50978282
50978290
50978291
50978304
50978306
50978312
50978337
50978358
50978379
50978383
50978384
50978398
50978403
50978423
50978425
50978427
50978429
50978434
50978458
50978468
50978482
50978485
50978488
50978490
50978497
50978506
50978509
50978535
50978540
50978570
50978573
50978590
50978606
50978618
50978621
50978625
50978648
50978654
50978656
50978675
50978693
50978695
50978702
50978706
50978711
50978721
50978739
50978746
50978756
50978758
50978761
50978765
50978769
50978774
50978779
50978784
50978798
50978801
50978823
50978838
50978854
50978865
50978869
50978871
50978890
50978894
50978902
50978915
50978918
50978929
50978932
50978939
50978949
50978951
50978956
50978957
50978961
50978978
50978989
50979008
50979015
50979018
50979019
50979026
50979027
50979028
50979052
50979064
50979066
50979081
50979089
50979097
50979101
50979108
50979111
50979122
50979126
50979136
50979143
50979169
50979170
50979185
50979199
50979207
50979237
50979243
50979255
50979260
50979263
50979264
50979276
50979278
50979298
50979299
50979306
50979316
50979329
50979332
50979341
50979342
50979343
50979348
50979355
50979357
50979363
50979364
50979365
50979368
50979377
50979382
50979398
50979406
50979409
50979411
50979412
50979418
50979422
50979430
50979453
50979475
50979485
50979514
50979527
50979531
50979546
50979573
50979577
50979579
50979581
50979587
50979593
50979597
50979620
50979630
50979641
50979646
50979647
50979648
50979649
50979662
50979672
50979676
50979685
50979714
50979715
50979725
50979727
50979728
50979731
50979740
50979745
50979751
50979760
50979764
50979782
50979787
50979798
50979802
50979803
50979810
50979817
50979822
50979847
50979858
50979870
50979877
50979882
50979889
50979894
50979896
50979902
50979912
50979927
50979928
50979929
50979940
50979941
50979956
50979967
50979974
50979979
50979984
50979992
50979995
50980006
50980052
50980057
50980060
50980063
50980069
50980086
50980102
50980103
50980104
50980130
50980132
50980139
50980152
50980164
50980175
50980186
50980193
50980199
50980222
50980223
50980227
50980238
50980240
50980247
50980250
50980258
50980259
50980275
50980281
50980282
50980290
50980296
50980304
50980325
50980326
50980335
50980342
50980348
50980357
50980360
50980362
50980365
50980366
50980395
50980401
50980408
50980420
50980430
50980432
50980448
50980455
50980462
50980469
50980477
50980489
50980493
50980513
50980525
50980538
50980543
50980547
50980555
50980559
50980561
50980565
50980572
50980580
50980581
50980584
50980593
50980596
50980599
50980609
50980610
50980621
50980623
50980629
50980633
50980643
50980662
50980665
50980676
50980679
50980680
50980689
50980693
50980712
50980720
50980725
50980727
50980736
50980740
50980741
50980743
50980745
50980767
50980794
50980796
50980811
50980845
50980848
50980859
50980864
50980865
50980868
50980872
50980886
50980894
50980899
50980907
50980916
50980974
50980983
50980987
50980991
50981001
50981010
50981014
50981017
50981018
50981026
50981035
50981045
50981046
50981064
50981072
50981082
50981092
50981094
50981095
50981096
50981108
50981142
50981156
50981169
50981171
50981174
50981183
50981187
50981190
50981195
50981197
50981211
50981213
50981217
50981220
50981224
50981243
50981250
50981262
50981264
50981269
50981270
50981277
50981278
50981279
50981288
50981302
50981305
50981309
50981314
50981318
50981320
50981328
50981345
50981347
50981351
50981353
50981354
50981367
50981377
50981388
50981389
50981390
50981394
50981397
50981423
50981445
50981465
50981474
50981477
50981513
50981544
50981576
50981585
50981616
50981617
50981651
50981658
50981674
50981690
50981714
50981733
50981792
50981820
50981825
50981837
50981844
50981852
50981878
50981887
50981895
50981897
50981909
50981911
50981935
50981944
50981983
50981998
50982507
50982509
50982525
50982528
50982553
50982601
50982610
50982631
50982637
50982663
50982672
50982692
50982742
50982744
50982747
50982764
50982775
50982779
50982785
50982816
50982866
50982925
50982926
50982932
50982938
50982942
50982948
50982958
50982964
50982966
50982986
50983026
50983043
50983087
50983139
50983186
50983208
50983255
50983278
50983283
50983284
50983291
50983302
50983329
50983348
50983364
50983365
50983395
50983422
50983434
50983499
50983571
50983577
50983588
50983602
50983628
50983635
50983637
50983645
50983651
50983653
50983656
50983657
50983687
50983787
50983801
50983803
50983836
50983855
50983863
50983872
50983879
50983892
50983910
50983921
50983969
50983980
50983992
50983994
50984003
50984006
50984023
50984030
50984035
50984044
50984089
50984092
50984145
50984164
50984199
50984204
50984209
50984223
50984228
50984232
50984237
50984280
50984325
50984332
50984336
50984395
50984398
50984401
50984421
50984510
50984516
50984531
50984535
50984544
50984566
50984585
50984631
50984644
50984652
50984690
50984704
50984721
50984792
50984824
50984830
50984834
50984864
50984884
50984935
50985002
50985036
50985054
50985061
50985083
50985097
50985181
50985193
50985206
50985256
50985271
50985273
50985274
50985276
50985301
50985351
50985371
50985390
50985412
50985470
50985478
50985486
50985504
50985506
50985511
50985515
50985516
50985533
50985539
50985543
50985566
50985574
50985584
50985589
50985592
50985613
50985672
50985676
50985684
50985705
50985706
50985723
50985732
50985767
50985794
50985860
50985885
50985892
50985912
50985984
50985999
50986031
50986044
50986090
50986135
50986181
50986198
50986205
50986210
50986211
50986216
50986246
50986263
50986267
50986268
50986271
50986276
50986312
50986319
50986343
50986382
50986412
50986414
50986428
50986445
50986463
50986509
50986520
50986529
50986538
50986540
50986544
50986551
50986559
50986573
50986641
50986728
50986730
50986738
50986791
50986792
50986812
50986814
50986830
50986833
50986834
50986835
50986851
50986875
50986877
50986884
50986891
50986983
50986986
50986989
50987008
50987043
50987062
50987068
50987073
50987089
50987131
50987135
50987171
50987172
50987187
50987214
50987219
50987252
50987311
50987346
50987348
50987353
50987392
50987413
50987429
50987445
50987451
50987456
50987459
50987476
50987477
50987483
50987500
50987501
50987504
50987505
50987518
50987521
50987530
50987537
50987545
50987546
50987579
50987598
50987605
50987617
50987628
50987638
50987647
50987652
50987660
50987661
50987665
50987676
50987683
50987686
50987698
50987701
50987703
50987707
50987708
50987714
50987721
50987736
50987753
50987779
50987784
50987789
50987792
50987808
50987822
50987836
50987840
50987843
50987847
50987849
50987859
50987861
50987862
50987872
50987877
50987879
50987883
50987893
50987898
50987921
50987945
50987946
50987951
50987959
50987977
50987983
50988009
50988017
50988025
50988028
50988040
50988042
50988046
50988078
50988099
50988105
50988119
50988124
50988143
50988160
50988163
50988165
50988168
50988174
50988181
50988182
50988200
50988207
50988213
50988214
50988216
50988231
50988244
50988246
50988261
50988276
50988282
50988314
50988319
50988333
50988355
50988356
50988385
50988389
50988396
50988405
50988406
50988416
50988420
50988421
50988424
50988433
50988437
50988444
50988467
50988468
50988472
50988492
50988507
50988517
50988529
50988535
50988549
50988557
50988559
50988571
50988575
50988607
50988609
50988671
50988703
50988707
50988728
50988731
50988739
50988753
50988759
50988761
50988771
50988776
50988778
50988781
50988783
50988829
50988831
50988843
50988844
50988849
50988855
50988872
50988874
50988877
50988884
50988890
50988897
50988903
50988906
50988907
50988914
50988917
50988923
50988944
50988955
50988965
50988969
50988972
50988984
50988997
50989004
50989025
50989043
50989044
50989045
50989054
50989058
50989060
50989078
50989083
50989093
50989100
50989110
50989119
50989124
50989133
50989135
50989140
50989150
50989152
50989159
50989168
50989174
50989175
50989181
50989182
50989193
50989196
50989200
50989208
50989215
50989222
50989229
50989235
50989242
50989251
50989266
50989274
50989275
50989278
50989280
50989285
50989313
50989316
50989332
50989337
50989339
50989343
50989374
50989402
50989404
50989407
50989411
50989430
50989481
50989491
50989493
50989502
50989506
50989512
50989513
50989514
50989518
50989523
50989537
50989558
50989607
50989611
50989616
50989617
50989619
50989652
50989662
50989663
50989683
50989691
50989696
50989700
50989711
50989726
50989727
50989735
50989742
50989745
50989771
50989785
50989789
50989793
50989807
50989819
50989828
50989860
50989868
50989877
50989880
50989886
50989887
50989890
50989901
50989904
50989910
50989921
50989928
50989942
50989951
50989962
50989965
50989996
50989998
50990009
50990248
50990264
50990299
50990309
50990317
50990327
50990373
50990384
50990413
50990435
50990442
50990461
50990563
50990564
50990566
50990609
50990650
50990736
50990756
50990763
50990773
50990783
50990914
50990942
50990960
50990981
50991058
50991072
50991079
50991081
50991135
50991166
50991169
50991217
50991244
50991252
50991270
50991271
50991290
50991331
50991392
50991502
50991550
50991627
50991647
50991674
50991700
50991727
50991732
50991733
50991750
50991784
50991811
50991813
50991834
50991880
50992100
50992109
50992157
50992184
50992187
50992197
50992198
50992199
50992208
50992210
50992220
50992224
50992226
50992230
50992246
50992248
50992250
50992259
50992262
50992286
50992298
50992306
50992307
50992329
50992330
50992337
50992339
50992340
50992345
50992352
50992354
50992356
50992367
50992385
50992386
50992398
50992410
50992446
50992489
50992496
50992528
50992547
50992554
50992569
50992614
50992649
50992670
50992677
50992682
50992701
50992757
50992820
50992822
50992853
50992857
50992926
50992940
50992944
50993005
50993026
50993034
50993044
50993051
50993070
50993093
50993116
50993118
50993155
50993189
50993240
50993260
50993385
50993391
50993400
50993401
50993404
50993434
50993437
50993454
50993463
50993473
50993476
50993511
50993514
50993523
50993531
50993535
50993540
50993544
50993555
50993567
50993571
50993573
50993585
50993592
50993593
50993609
50993613
50993614
50993628
50993630
50993637
50993640
50993642
50993652
50993655
50993656
50993659
50993676
50993680
50993686
50993693
50993697
50993709
50993719
50993738
50993754
50993758
50993779
50993789
50993799
50993806
50993821
50993824
50993830
50993857
50993876
50993879
50993884
50993896
50993904
50993927
50993947
50993960
50993966
50993971
50993977
50993981
50993983
50993987
50994005
50994018
50994019
50994050
50994058
50994073
50994092
50994095
50994111
50994137
50994141
50994156
50994160
50994161
50994184
50994185
50994189
50994192
50994195
50994197
50994210
50994217
50994244
50994247
50994251
50994256
50994263
50994278
50994291
50994321
50994322
50994346
50994366
50994377
50994378
50994379
50994398
50994400
50994425
50994426
50994427
50994433
50994435
50994442
50994450
50994455
50994471
50994480
50994492
50994513
50994523
50994532
50994548
50994559
50994564
50994569
50994572
50994632
50994636
50994644
50994658
50994666
50994707
50994720
50994722
50994737
50994739
50994752
50994761
50994775
50994790
50994795
50994811
50994838
50994845
50994847
50994867
50994868
50994869
50994873
50994878
50994881
50994889
50994898
50994903
50994917
50994939
50994953
50994955
50994960
50994988
50994989
50995007
50995011
50995024
50995027
50995028
50995030
50995041
50995058
50995086
50995097
50995107
50995112
50995113
50995121
50995139
50995140
50995143
50995149
50995155
50995169
50995186
50995187
50995193
50995194
50995203
50995205
50995210
50995212
50995221
50995223
50995226
50995242
50995244
50995246
50995250
50995254
50995260
50995272
50995278
50995295
50995308
50995316
50995329
50995336
50995337
50995341
50995343
50995347
50995362
50995365
50995370
50995372
50995380
50995385
50995402
50995413
50995414
50995425
50995433
50995440
50995454
50995459
50995464
50995466
50995475
50995492
50995519
50995520
50995527
50995531
50995565
50995590
50995618
50995619
50995636
50995640
50995645
50995650
50995682
50995736
50995739
50995753
50995764
50995799
50995802
50995834
50995863
50995873
50995880
50995885
50995897
50995910
50995911
50995917
50995942
50995949
50995952
50995985
50996005
50996025
50996037
50996050
50996053
50996060
50996086
50996088
50996093
50996115
50996117
50996119
50996130
50996150
50996193
50996205
50996238
50996240
50996287
50996297
50996330
50996352
50996396
50996399
50996408
50996409
50996410
50996426
50996427
50996440
50996499
50996500
50996508
50996546
50996552
50996557
50996559
50996573
50996577
50996589
50996594
50996622
50996634
50996638
50996645
50996647
50996693
50996708
50996729
50996737
50996739
50996749
50996762
50996777
50996855
50996868
50996879
50996900
50996904
50996907
50996909
50996916
50996930
50996983
50996988
50997004
50997008
50997011
50997019
50997039
50997045
50997070
50997077
50997099
50997112
50997114
50997134
50997145
50997204
50997217
50997220
50997231
50997252
50997276
50997299
50997320
50997330
50997365
50997420
50997433
50997450
50997452
50997455
50997475
50997477
50997509
50997540
50997541
50997544
50997549
50997561
50997577
50997591
50997610
50997620
50997623
50997629
50997633
50997673
50997687
50997690
50997710
50997719
50997720
50997723
50997747
50997753
50997782
50997793
50997794
50997804
50997813
50997836
50997854
50997872
50997881
50997895
50997910
50997917
50997925
50997926
50997928
50997960
50997962
50997974
50997980
50998009
50998062
50998063
50998068
50998096
50998102
50998103
50998108
50998164
50998191
50998220
50998222
50998224
50998266
50998285
50998288
50998315
50998317
50998321
50998327
50998350
50998376
50998379
50998387
50998403
50998407
50998412
50998449
50998454
50998461
50998473
50998526
50998541
50998604
50998638
50998651
50998657
50998715
50998737
50998750
50998767
50998775
50998798
50998803
50998827
50998833
50998862
50998882
50998884
50998916
50998944
50998980
50998997
50999020
50999025
50999059
50999062
50999064
50999082
50999118
50999123
50999129
50999132
50999145
50999159
50999201
50999228
50999244
50999254
50999259
50999275
50999280
50999301
50999322
50999323
50999337
50999356
50999410
50999427
50999444
50999451
50999467
50999473
50999474
50999482
50999499
50999506
50999510
50999537
50999550
50999561
50999562
50999597
50999615
50999630
50999667
50999722
50999742
50999746
50999750
50999752
50999766
50999771
50999774
50999789
50999805
50999816
50999833
50999844
50999846
50999854
50999881
50999895
50999896
50999897
50999960
50999963
51000042
51000043
51000049
51000060
51000061
51000075
51000088
51000123
51000134
51000135
51000167
51000226
51000244
51000250
51000281
51000285
51000300
51000305
51000330
51000337
51000346
51000369
51000374
51000376
51000380
51000385
51000397
51000420
51000422
51000448
51000449
51000504
51000506
51000535
51000567
51000573
51000618
51000706
51000723
51000729
51000739
51000833
51000835
51000867
51000891
51000899
51000921
51000928
51000930
51000941
51000954
51000966
51000970
51000976
51000986
51000993
51001034
51001049
51001052
51001061
51001076
51001082
51001090
51001146
51001148
51001150
51001209
51001210
51001219
51001226
51001231
51001238
51001248
51001251
51001255
51001266
51001275
51001278
51001322
51001328
51001338
51001345
51001347
51001383
51001384
51001398
51001424
51001427
51001434
51001454
51001476
51001490
51001536
51001566
51001579
51001580
51001595
51001602
51001636
51001639
51001642
51001644
51001648
51001652
51001654
51001681
51001683
51001684
51001685
51001690
51001691
51001707
51001709
51001717
51001725
51001728
51001736
51001745
51001769
51001773
51001784
51001785
51001791
51001814
51001815
51001828
51001847
51001849
51001854
51001868
51001874
51001908
51001911
51001926
51001927
51001932
51001934
51001952
51001968
51001975
51001978
51001979
51001992
51002013
51002016
51002018
51002029
51002046
51002058
51002069
51002079
51002085
51002096
51002148
51002158
51002163
51002165
51002167
51002170
51002172
51002173
51002192
51002199
51002208
51002215
51002217
51002227
51002246
51002256
51002264
51002274
51002285
51002341
51002344
51002345
51002346
51002352
51002361
51002369
51002423
51002439
51002459
51002467
51002487
51002495
51002499
51002505
51002506
51002516
51002519
51002525
51002541
51002583
51002602
51002613
51002616
51002624
51002638
51002658
51002664
51002675
51002701
51002703
51002705
51002706
51002713
51002716
51002729
51002736
51002739
51002741
51002749
51002750
51002752
51002755
51002758
51002776
51002777
51002782
51002793
51002794
51002806
51002807
51002808
51002836
51002845
51002875
51002888
51002894
51002897
51002898
51002974
51003030
51003060
51003076
51003099
51003122
51003162
51003163
51003170
51003185
51003200
51003203
51003237
51003253
51003255
51003266
51003285
51003290
51003314
51003329
51003341
51003362
51003364
51003366
51003391
51003420
51003426
51003444
51003484
51003487
51003505
51003515
51003533
51003573
51003581
51003582
51003595
51003612
51003614
51003615
51003622
51003632
51003639
51003640
51003675
51003680
51003684
51003688
51003699
51003700
51003731
51003747
51003756
51003760
51003762
51003780
51003787
51003799
51003806
51003813
51003824
51003825
51003830
51003832
51003852
51003855
51003858
51003866
51003868
51003877
51003881
51003885
51003889
51003894
51003910
51003936
51003941
51003944
51003955
51003968
51003972
51004015
51004029
51004044
51004073
51004093
51004108
51004114
51004126
51004136
51004152
51004160
51004164
51004175
51004179
51004220
51004224
51004231
51004232
51004256
51004266
51004267
51004280
51004290
51004291
51004300
51004319
51004322
51004332
51004343
51004349
51004366
51004368
51004383
51004408
51004420
51004425
51004433
51004449
51004454
51004460
51004475
51004476
51004481
51004487
51004511
51004515
51004516
51004517
51004557
51004571
51004579
51004585
51004620
51004627
51004629
51004642
51004648
51004658
51004671
51004699
51004700
51004714
51004750
51004752
51004757
51004773
51004776
51004777
51004778
51004800
51004813
51004821
51004822
51004824
51004855
51004856
51004866
51004867
51004884
51004946
51004949
51004958
51004979
51004994
51005028
51005031
51005040
51005048
51005050
51005054
51005070
51005087
51005100
51005132
51005136
51005144
51005145
51005149
51005154
51005159
51005169
51005172
51005189
51005193
51005195
51005199
51005207
51005208
51005245
51005250
51005260
51005262
51005267
51005271
51005275
51005278
51005293
51005302
51005312
51005317
51005326
51005333
51005334
51005336
51005339
51005342
51005344
51005364
51005366
51005377
51005389
51005395
51005396
51005400
51005402
51005415
51005417
51005442
51005450
51005454
51005459
51005473
51005474
51005475
51005476
51005487
51005489
51005505
51005530
51005532
51005533
51005534
51005540
51005546
51005565
51005568
51005574
51005575
51005580
51005584
51005586
51005597
51005607
51005610
51005614
51005617
51005660
51005664
51005666
51005670
51005673
51005686
51005690
51005694
51005696
51005698
51005703
51005717
51005718
51005736
51005741
51005746
51005772
51005777
51005782
51005785
51005796
51005807
51005816
51005817
51005849
51005889
51005911
51005913
51005930
51005935
51005956
51005958
51005961
51005973
51005986
51006014
51006034
51006038
51006044
51006051
51006052
51006057
51006081
51006083
51006099
51006101
51006107
51006121
51006122
51006133
51006157
51006166
51006172
51006192
51006202
51006258
51006303
51006305
51006310
51006311
51006318
51006321
51006340
51006350
51006490
51006540
51006561
51006568
51006588
51006592
51006627
51006642
51006662
51006681
51006699
51006702
51006715
51006733
51006735
51006740
51006761
51006762
51006780
51006796
51006798
51006815
51006823
51006839
51006840
51006849
51006867
51006872
51006875
51006891
51006910
51006918
51006925
51006932
51006950
51006975
51006986
51007008
51007024
51007029
51007059
51007074
51007079
51007093
51007106
51007110
51007118
51007152
51007157
51007181
51007187
51007188
51007189
51007191
51007201
51007204
51007207
51007239
51007265
51007268
51007281
51007297
51007302
51007306
51007333
51007335
51007348
51007351
51007365
51007368
51007371
51007372
51007386
51007393
51007399
51007404
51007409
51007412
51007413
51007420
51007431
51007442
51007456
51007461
51007469
51007481
51007494
51007509
51007534
51007543
51007643
51007657
51007690
51007708
51007754
51007775
51007794
51007812
51007816
51007818
51007849
51007877
51007893
51007930
51007984
51007988
51007998
51008012
51008061
51008105
51008114
51008132
51008133
51008140
51008141
51008158
51008161
51008200
51008250
51008260
51008293
51008320
51008361
51008379
51008384
51008387
51008500
51008501
51008509
51008543
51008569
51008593
51008602
51008609
51008647
51008654
51008678
51008692
51008715
51008743
51008767
51008842
51008845
51008864
51008877
51008896
51008899
51008931
51008951
51008968
51008978
51009024
51009036
51009044
51009049
51009057
51009059
51009064
51009066
51009068
51009074
51009088
51009097
51009110
51009116
51009117
51009121
51009144
51009167
51009202
51009212
51009229
51009267
51009281
51009284
51009292
51009294
51009295
51009306
51009310
51009343
51009349
51009355
51009356
51009363
51009377
51009403
51009415
51009420
51009421
51009422
51009449
51009469
51009475
51009478
51009481
51009489
51009497
51009500
51009524
51009528
51009534
51009540
51009564
51009565
51009569
51009570
51009572
51009574
51009575
51009606
51009622
51009641
51009656
51009670
51009689
51009694
51009702
51009704
51009713
51009714
51009715
51009722
51009750
51009751
51009753
51009768
51009784
51009793
51009801
51009826
51009830
51009833
51009846
51009847
51009860
51009862
51009881
51009884
51009891
51009897
51009925
51009954
51009955
51009968
51009980
51009999
51010065
51010068
51010073
51010092
51010096
51010100
51010120
51010125
51010131
51010134
51010135
51010137
51010142
51010143
51010151
51010165
51010167
51010169
51010192
51010200
51010205
51010208
51010220
51010245
51010273
51010297
51010335
51010337
51010351
51010353
51010395
51010407
51010409
51010433
51010435
51010445
51010446
51010457
51010464
51010474
51010494
51010497
51010510
51010512
51010523
51010539
51010559
51010585
51010596
51010597
51010616
51010618
51010627
51010633
51010672
51010674
51010682
51010690
51010702
51010728
51010733
51010741
51010759
51010785
51010792
51010794
51010813
51010838
51010853
51010888
51010889
51010892
51010904
51010922
51010937
51010950
51010951
51011006
51011026
51011058
51011062
51011083
51011090
51011117
51011124
51011183
51011187
51011192
51011213
51011256
51011283
51011287
51011288
51011290
51011298
51011334
51011354
51011359
51011363
51011375
51011405
51011448
51011449
51011455
51011479
51011488
51011490
51011503
51011521
51011547
51011559
51011631
51011635
51011639
51011649
51011657
51011703
51011731
51011742
51011761
51011769
51011792
51011805
51011817
51011820
51011833
51011843
51011879
51011880
51011883
51011895
51011899
51011919
51011922
51011944
51011945
51012012
51012023
51012032
51012040
51012050
51012081
51012087
51012108
51012120
51012143
51012153
51012160
51012184
51012189
51012191
51012202
51012215
51012224
51012228
51012230
51012259
51012262
51012265
51012276
51012284
51012294
51012298
51012303
51012315
51012316
51012331
51012349
51012356
51012367
51012374
51012391
51012443
51012444
51012447
51012470
51012472
51012487
51012496
51012502
51012504
51012507
51012511
51012513
51012534
51012552
51012564
51012586
51012592
51012595
51012620
51012646
51012653
51012683
51012693
51012793
51012802
51012811
51012814
51012835
51012836
51012846
51012852
51012857
51012875
51012879
51012906
51012909
51012918
51012946
51012958
51012976
51012977
51012985
51013004
51013016
51013035
51013044
51013047
51013050
51013054
51013068
51013077
51013087
51013089
51013097
51013100
51013123
51013129
51013136
51013147
51013148
51013158
51013170
51013174
51013182
51013192
51013207
51013285
51013322
51013324
51013372
51013380
51013410
51013413
51013442
51013451
51013459
51013463
51013501
51013508
51013540
51013546
51013547
51013558
51013579
51013584
51013651
51013653
51013660
51013662
51013703
51013749
51013765
51013769
51013780
51013796
51013802
51013807
51013823
51013841
51013842
51013845
51013847
51013856
51013858
51013890
51013904
51013917
51013929
51013968
51013977
51014003
51014016
51014018
51014026
51014032
51014062
51014078
51014083
51014085
51014096
51014105
51014116
51014118
51014124
51014127
51014130
51014139
51014143
51014192
51014198
51014199
51014200
51014211
51014227
51014228
51014229
51014241
51014251
51014262
51014265
51014276
51014287
51014296
51014318
51014359
51014385
51014399
51014421
51014424
51014426
51014427
51014440
51014466
51014491
51014499
51014535
51014538
51014554
51014565
51014569
51014578
51014638
51014640
51014666
51014708
51014713
51014717
51014725
51014750
51014766
51014781
51014787
51014805
51014850
51014861
51014870
51014873
51014881
51014882
51014883
51014887
51014915
51014930
51014950
51014968
51014981
51015001
51015005
51015006
51015010
51015016
51015030
51015037
51015038
51015047
51015060
51015065
51015066
51015071
51015079
51015092
51015113
51015117
51015128
51015141
51015151
51015166
51015167
51015179
51015197
51015205
51015223
51015230
51015258
51015264
51015277
51015289
51015291
51015302
51015329
51015330
51015339
51015340
51015355
51015364
51015369
51015370
51015385
51015398
51015399
51015413
51015416
51015417
51015423
51015435
51015448
51015452
51015454
51015455
51015462
51015463
51015481
51015487
51015493
51015497
51015530
51015537
51015548
51015561
51015570
51015572
51015589
51015593
51015603
51015608
51015695
51015704
51015709
51015711
51015712
51015731
51015732
51015745
51015746
51015748
51015758
51015764
51015772
51015783
51015787
51015791
51015807
51015808
51015809
51015810
51015837
51015839
51015841
51015845
51015847
51015851
51015862
51015871
51015872
51015886
51015889
51015897
51015901
51015906
51015911
51015917
51015920
51015929
51015939
51015944
51015950
51015975
51015982
51016011
51016013
51016021
51016027
51016028
51016030
51016036
51016048
51016067
51016069
51016070
51016104
51016107
51016122
51016129
51016138
51016165
51016175
51016188
51016195
51016208
51016239
51016241
51016258
51016276
51016278
51016289
51016290
51016312
51016333
51016358
51016361
51016363
51016440
51016456
51016473
51016474
51016496
51016522
51016529
51016541
51016545
51016558
51016560
51016569
51016572
51016580
51016618
51016620
51016622
51016668
51016679
51016692
51016694
51016698
51016704
51016748
51016757
51016768
51016805
51016811
51016822
51016855
51016856
51016880
51016883
51016928
51016943
51016945
51016970
51017092
51017144
51017152
51017169
51017175
51017228
51017262
51017271
51017283
51017307
51017329
51017334
51017383
51017415
51017417
51017467
51017513
51017525
51017551
51017595
51017597
51017623
51017662
51017679
51017683
51017709
51017731
51017769
51017789
51017829
51017866
51017882
51017921
51017957
51018030
51018057
51018076
51018157
51018179
51018199
51018265
51018290
51018309
51018389
51018443
51018449
51018505
51018512
51018576
51018577
51018628
51018653
51018660
51018682
51018683
51018708
51018749
51018765
51018799
51018812
51018836
51018841
51018892
51018908
51018952
51018954
51019129
51019170
51019213
51019220
51019228
51019274
51019292
51019318
51019334
51019337
51019367
51019377
51019405
51019407
51019419
51019422
51019454
51019456
51019465
51019521
51019556
51019561
51019568
51019577
51019610
51019632
51019634
51019646
51019680
51019690
51019720
51019725
51019780
51019784
51019814
51019833
51019858
51019862
51019872
51019901
51019949
51019957
51019973
51019985
51019997
51020015
51020033
51020036
51020037
51020048
51020049
51020052
51020074
51020075
51020076
51020095
51020102
51020122
51020123
51020135
51020145
51020146
51020149
51020152
51020190
51020193
51020235
51020255
51020267
51020291
51020298
51020317
51020328
51020330
51020331
51020341
51020350
51020352
51020361
51020366
51020367
51020368
51020396
51020405
51020417
51020428
51020461
51020471
51020473
51020474
51020475
51020509
51020519
51020521
51020527
51020532
51020536
51020546
51020548
51020561
51020566
51020567
51020573
51020576
51020582
51020594
51020608
51020615
51020633
51020647
51020653
51020656
51020658
51020659
51020681
51020690
51020693
51020701
51020704
51020712
51020727
51020737
51020740
51020742
51020759
51020774
51020778
51020789
51020800
51020806
51020826
51020828
51020839
51020842
51020860
51020876
51020878
51020917
51020929
51020930
51020942
51020968
51020984
51020987
51020990
51020992
51020999
51021010
51021019
51021064
51021071
51021093
51021109
51021117
51021126
51021135
51021137
51021164
51021168
51021177
51021183
51021220
51021227
51021228
51021238
51021240
51021241
51021244
51021253
51021258
51021261
51021263
51021264
51021265
51021276
51021278
51021284
51021296
51021300
51021302
51021312
51021333
51021360
51021364
51021371
51021373
51021377
51021383
51021413
51021418
51021432
51021435
51021439
51021486
51021493
51021507
51021524
51021530
51021531
51021538
51021567
51021591
51021592
51021604
51021607
51021611
51021614
51021621
51021625
51021653
51021673
51021680
51021681
51021688
51021693
51021697
51021699
51021701
51021721
51021732
51021736
51021738
51021740
51021767
51021780
51021781
51021806
51021817
51021819
51021820
51021840
51021841
51021844
51021866
51021868
51021874
51021879
51021887
51021904
51021912
51021930
51021931
51021933
51021955
51021965
51022009
51022018
51022022
51022026
51022042
51022063
51022073
51022089
51022092
51022107
51022117
51022133
51022140
51022145
51022148
51022149
51022157
51022162
51022164
51022167
51022171
51022185
51022187
51022189
51022190
51022208
51022211
51022234
51022237
51022248
51022266
51022270
51022279
51022280
51022286
51022304
51022327
51022335
51022348
51022349
51022351
51022376
51022408
51022426
51022468
51022470
51022498
51022524
51022542
51022561
51022586
51022592
51022595
51022606
51022611
51022613
51022614
51022622
51022623
51022662
51022715
51022748
51022752
51022764
51022768
51022769
51022782
51022790
51022793
51022800
51022824
51022835
51022842
51022844
51022848
51022853
51022868
51022869
51022876
51022891
51022904
51022906
51022907
51022922
51022937
51022938
51022943
51022959
51022960
51022963
51022977
51022980
51023003
51023012
51023014
51023021
51023023
51023027
51023028
51023031
51023033
51023034
51023047
51023052
51023053
51023083
51023092
51023094
51023098
51023102
51023103
51023106
51023112
51023121
51023125
51023136
51023143
51023147
51023150
51023156
51023164
51023166
51023177
51023196
51023199
51023205
51023210
51023216
51023226
51023232
51023233
51023258
51023271
51023282
51023298
51023303
51023308
51023328
51023344
51023348
51023349
51023351
51023361
51023364
51023388
51023397
51023399
51023424
51023435
51023439
51023445
51023446
51023460
51023464
51023470
51023472
51023474
51023476
51023481
51023487
51023496
51023498
51023505
51023517
51023539
51023559
51023561
51023566
51023589
51023602
51023612
51023619
51023623
51023629
51023633
51023652
51023653
51023668
51023673
51023681
51023686
51023687
51023688
51023692
51023698
51023729
51023744
51023749
51023750
51023756
51023759
51023773
51023779
51023783
51023791
51023800
51023802
51023806
51023816
51023829
51023832
51023836
51023844
51023863
51023870
51023871
51023881
51023905
51023914
51023923
51023929
51023932
51023939
51023942
51023948
51023950
51023969
51023989
51024001
51024010
51024012
51024020
51024024
51024045
51024046
51024098
51024101
51024103
51024108
51024141
51024159
51024164
51024169
51024177
51024196
51024213
51024221
51024222
51024246
51024269
51024293
51024298
51024317
51024333
51024361
51024366
51024368
51024376
51024379
51024396
51024407
51024448
51024455
51024480
51024489
51024502
51024503
51024504
51024526
51024545
51024565
51024575
51024576
51024584
51024611
51024625
51024627
51024628
51024634
51024643
51024654
51024660
51024661
51024681
51024682
51024689
51024720
51024766
51024767
51024773
51024778
51024780
51024799
51024800
51024804
51024814
51024815
51024816
51024828
51024861
51024872
51024888
51024892
51024893
51024899
51024932
51024960
51024971
51024977
51024985
51025002
51025033
51025041
51025048
51025067
51025085
51025086
51025094
51025096
51025097
51025102
51025111
51025126
51025143
51025248
51025284
51025286
51025305
51025308
51025312
51025333
51025334
51025336
51025339
51025354
51025373
51025382
51025383
51025393
51025422
51025430
51025444
51025447
51025450
51025487
51025496
51025512
51025515
51025521
51025522
51025528
51025542
51025550
51025554
51025574
51025606
51025659
51025668
51025669
51025671
51025678
51025694
51025708
51025720
51025729
51025742
51025748
51025766
51025786
51025787
51025795
51025804
51025823
51025836
51025842
51025845
51025855
51025864
51025866
51025888
51025894
51025896
51025914
51025932
51025937
51025943
51025953
51025955
51025962
51025970
51025985
51025993
51026004
51026008
51026017
51026085
51026098
51026123
51026138
51026146
51026150
51026151
51026160
51026171
51026207
51026236
51026241
51026244
51026255
51026267
51026269
51026278
51026327
51026367
51026436
51026439
51026442
51026451
51026464
51026466
51026476
51026477
51026500
51026506
51026511
51026514
51026597
51026619
51026629
51026631
51026632
51026641
51026643
51026661
51026686
51026692
51026705
51026712
51026746
51026748
51026764
51026765
51026777
51026799
51026808
51026843
51026863
51026896
51026903
51026917
51026918
51026936
51026943
51026954
51026962
51026988
51026990
51026993
51026995
51026998
51027007
51027063
51027070
51027071
51027074
51027080
51027083
51027084
51027096
51027109
51027112
51027117
51027120
51027129
51027132
51027144
51027160
51027166
51027209
51027219
51027223
51027227
51027231
51027238
51027252
51027253
51027291
51027300
51027316
51027360
51027393
51027431
51027486
51027500
51027518
51027529
51027535
51027537
51027539
51027540
51027544
51027548
51027549
51027552
51027553
51027558
51027568
51027575
51027586
51027589
51027604
51027609
51027623
51027629
51027644
51027645
51027646
51027647
51027663
51027667
51027683
51027688
51027699
51027701
51027705
51027713
51027719
51027747
51027764
51027773
51027774
51027803
51027826
51027830
51027831
51027841
51027880
51027892
51027899
51027917
51027953
51027955
51027977
51028001
51028014
51028090
51028098
51028102
51028129
51028130
51028147
51028178
51028180
51028191
51028193
51028206
51028220
51028224
51028249
51028254
51028263
51028266
51028284
51028286
51028289
51028292
51028297
51028343
51028348
51028364
51028369
51028388
51028432
51028435
51028447
51028448
51028455
51028519
51028543
51028547
51028554
51028559
51028575
51028588
51028593
51028601
51028602
51028609
51028621
51028646
51028657
51028674
51028677
51028681
51028694
51028698
51028703
51028706
51028714
51028719
51028737
51028772
51028781
51028805
51028810
51028813
51028821
51028825
51028841
51028847
51028854
51028856
51028880
51028886
51028912
51028939
51028951
51028966
51028975
51029006
51029059
51029072
51029087
51029100
51029120
51029127
51029146
51029147
51029151
51029155
51029172
51029188
51029198
51029200
51029202
51029203
51029205
51029211
51029213
51029217
51029244
51029261
51029272
51029307
51029316
51029317
51029322
51029342
51029348
51029358
51029365
51029371
51029383
51029384
51029389
51029409
51029412
51029418
51029419
51029479
51029482
51029490
51029498
51029501
51029502
51029518
51029549
51029562
51029574
51029582
51029593
51029608
51029617
51029627
51029635
51029638
51029651
51029682
51029685
51029694
51029717
51029728
51029747
51029755
51029802
51029809
51029843
51029846
51029868
51029871
51029883
51029916
51029923
51029949
51030046
51030053
51030076
51030172
51030216
51030223
51030267
51030310
51030327
51030331
51030428
51030441
51030467
51030490
51030522
51030527
51030536
51030537
51030573
51030574
51030598
51030609
51030633
51030643
51030651
51030693
51030697
51030711
51030741
51030759
51030802
51030805
51030808
51030835
51030867
51030916
51030922
51030971
51031104
51031124
51031125
51031129
51031141
51031181
51031183
51031193
51031232
51031233
51031243
51031258
51031283
51031334
51031341
51031350
51031379
51031449
51031455
51031465
51031466
51031475
51031557
51031631
51031649
51031671
51031680
51031683
51031829
51031837
51031870
51031892
51031950
51031994
51031998
51032025
51032051
51032117
51032149
51032162
51032175
51032197
51032202
51032264
51032265
51032272
51032292
51032349
51032350
51032366
51032378
51032391
51032446
51032457
51032477
51032486
51032525
51032599
51032609
51032613
51032634
51032659
51032710
51032730
51032731
51032769
51032771
51032774
51032787
51032790
51032843
51032911
51032926
51032927
51033015
51033076
51033082
51033095
51033187
51033209
51033221
51033223
51033234
51033259
51033273
51033292
51033295
51033328
51033337
51033347
51033360
51033407
51033526
51033537
51033561
51033572
51033580
51033626
51033730
51033737
51033763
51033783
51033794
51033845
51033852
51033861
51033882
51033883
51033902
51033914
51033971
51033973
51033976
51033986
51033987
51033996
51034002
51034011
51034019
51034020
51034021
51034035
51034059
51034064
51034091
51034109
51034120
51034122
51034138
51034150
51034151
51034152
51034167
51034175
51034179
51034181
51034194
51034202
51034207
51034215
51034224
51034225
51034228
51034249
51034265
51034327
51034337
51034356
51034363
51034365
51034367
51034373
51034375
51034402
51034459
51034472
51034481
51034488
51034519
51034525
51034533
51034548
51034566
51034580
51034583
51034592
51034600
51034613
51034617
51034625
51034645
51034692
51034699
51034702
51034707
51034719
51034744
51034757
51034762
51034765
51034773
51034798
51034817
51034827
51034872
51034883
51034889
51034892
51034893
51034928
51034933
51034949
51034952
51034972
51034991
51034996
51035017
51035025
51035026
51035027
51035038
51035039
51035050
51035066
51035068
51035079
51035103
51035105
51035108
51035122
51035138
51035155
51035158
51035159
51035176
51035191
51035200
51035217
51035221
51035258
51035275
51035284
51035287
51035293
51035314
51035315
51035321
51035326
51035329
51035335
51035372
51035388
51035393
51035397
51035437
51035456
51035460
51035488
51035490
51035501
51035507
51035516
51035526
51035535
51035543
51035552
51035560
51035577
51035601
51035604
51035606
51035618
51035619
51035628
51035649
51035651
51035679
51035686
51035692
51035693
51035705
51035706
51035715
51035737
51035742
51035743
51035751
51035754
51035763
51035766
51035793
51035802
51035830
51035840
51035842
51035851
51035853
51035856
51035867
51035882
51035884
51035892
51035893
51035900
51035911
51035945
51035958
51035967
51035974
51035975
51035979
51035993
51035995
51035996
51036007
51036020
51036024
51036026
51036028
51036029
51036037
51036040
51036042
51036046
51036085
51036095
51036117
51036144
51036146
51036147
51036157
51036160
51036166
51036187
51036198
51036200
51036211
51036232
51036233
51036243
51036246
51036252
51036258
51036260
51036269
51036290
51036291
51036309
51036335
51036362
51036364
51036366
51036368
51036380
51036385
51036402
51036403
51036415
51036420
51036438
51036439
51036441
51036448
51036460
51036462
51036463
51036471
51036482
51036500
51036507
51036508
51036509
51036510
51036516
51036521
51036522
51036526
51036546
51036559
51036568
51036574
51036576
51036577
51036584
51036606
51036612
51036625
51036637
51036656
51036670
51036672
51036675
51036687
51036695
51036698
51036757
51036764
51036774
51036775
51036781
51036784
51036787
51036802
51036803
51036844
51036848
51036862
51036867
51036869
51036875
51036876
51036877
51036893
51036895
51036905
51036924
51036974
51036976
51036993
51037002
51037021
51037030
51037040
51037049
51037073
51037074
51037082
51037099
51037111
51037115
51037126
51037140
51037159
51037174
51037179
51037182
51037186
51037193
51037216
51037217
51037226
51037254
51037288
51037293
51037295
51037297
51037337
51037353
51037378
51037390
51037425
51037429
51037430
51037437
51037440
51037447
51037461
51037472
51037507
51037511
51037514
51037526
51037535
51037564
51037576
51037582
51037588
51037603
51037605
51037617
51037634
51037640
51037677
51037679
51037694
51037696
51037698
51037705
51037715
51037752
51037754
51037792
51037794
51037815
51037832
51037842
51037850
51037867
51037910
51037911
51037927
51037953
51037961
51037981
51037993
51037996
51038021
51038032
51038081
51038086
51038093
51038103
51038108
51038112
51038121
51038123
51038128
51038130
51038154
51038161
51038178
51038204
51038209
51038221
51038238
51038250
51038275
51038282
51038283
51038313
51038346
51038347
51038356
51038363
51038379
51038395
51038421
51038429
51038437
51038452
51038456
51038457
51038466
51038470
51038472
51038480
51038483
51038501
51038527
51038543
51038545
51038555
51038576
51038588
51038589
51038590
51038606
51038623
51038626
51038632
51038636
51038640
51038657
51038671
51038674
51038680
51038687
51038690
51038693
51038708
51038719
51038720
51038721
51038722
51038773
51038778
51038780
51038810
51038814
51038828
51038834
51038849
51038865
51038890
51038911
51038934
51038947
51038961
51038962
51038967
51038982
51038990
51038995
51039002
51039005
51039015
51039016
51039029
51039045
51039046
51039067
51039097
51039109
51039124
51039127
51039163
51039201
51039220
51039244
51039253
51039275
51039285
51039305
51039306
51039325
51039326
51039342
51039358
51039379
51039412
51039422
51039438
51039443
51039445
51039468
51039478
51039492
51039498
51039499
51039507
51039508
51039528
51039549
51039606
51039614
51039622
51039643
51039665
51039669
51039676
51039694
51039698
51039714
51039720
51039722
51039725
51039730
51039759
51039767
51039768
51039770
51039779
51039782
51039803
51039829
51039830
51039832
51039858
51039862
51039875
51039884
51039906
51039907
51039912
51039925
51039935
51039937
51039947
51039950
51039984
51040014
51040024
51040038
51040050
51040067
51040071
51040082
51040109
51040115
51040130
51040148
51040149
51040161
51040168
51040172
51040175
51040179
51040183
51040184
51040197
51040201
51040204
51040211
51040212
51040218
51040223
51040249
51040258
51040263
51040269
51040273
51040277
51040280
51040287
51040296
51040301
51040313
51040339
51040355
51040357
51040364
51040365
51040366
51040369
51040432
51040437
51040440
51040451
51040456
51040458
51040468
51040470
51040478
51040490
51040494
51040497
51040500
51040505
51040512
51040514
51040525
51040560
51040563
51040566
51040573
51040577
51040578
51040598
51040600
51040613
51040622
51040626
51040634
51040636
51040657
51040665
51040678
51040690
51040696
51040723
51040725
51040728
51040732
51040733
51040744
51040754
51040765
51040770
51040774
51040778
51040785
51040811
51040829
51040849
51040851
51040853
51040859
51040864
51040873
51040874
51040876
51040877
51040879
51040888
51040895
51040900
51040909
51040917
51040924
51040957
51040966
51040977
51040995
51041006
51041008
51041014
51041025
51041037
51041039
51041043
51041054
51041070
51041114
51041118
51041125
51041132
51041138
51041146
51041167
51041174
51041182
51041192
51041197
51041207
51041214
51041236
51041240
51041241
51041270
51041287
51041312
51041339
51041340
51041341
51041351
51041358
51041363
51041385
51041386
51041393
51041405
51041420
51041444
51041477
51041494
51041500
51041515
51041517
51041521
51041529
51041584
51041610
51041618
51041623
51041634
51041640
51041681
51041704
51041705
51041745
51041807
51041810
51041812
51041841
51041880
51041884
51041887
51041901
51041908
51041916
51041924
51041940
51041947
51041951
51041964
51041968
51041969
51041987
51041988
51041998
51042009
51042033
51042048
51042050
51042058
51042073
51042090
51042097
51042102
51042110
51042120
51042131
51042132
51042163
51042166
51042180
51042187
51042206
51042237
51042256
51042271
51042277
51042311
51042314
51042325
51042339
51042352
51042357
51042368
51042379
51042387
51042400
51042403
51042428
51042432
51042439
51042463
51042464
51042502
51042519
51042528
51042533
51042544
51042552
51042553
51042610
51042615
51042624
51042634
51042642
51042644
51042656
51042668
51042669
51042690
51042701
51042703
51042707
51042735
51042747
51042775
51042784
51042792
51042819
51042821
51042828
51042829
51042832
51042834
51042843
51042853
51042875
51042884
51042908
51042928
51042936
51042941
51042982
51042983
51042985
51042988
51042989
51042992
51042999
51043010
51043033
51043041
51043044
51043046
51043047
51043057
51043059
51043077
51043092
51043114
51043166
51043226
51043237
51043243
51043252
51043257
51043267
51043269
51043304
51043312
51043314
51043322
51043326
51043327
51043337
51043347
51043350
51043361
51043366
51043368
51043388
51043429
51043441
51043447
51043463
51043494
51043502
51043513
51043521
51043533
51043555
51043559
51043561
51043562
51043563
51043570
51043579
51043587
51043588
51043617
51043618
51043670
51043690
51043696
51043715
51043734
51043745
51043746
51043760
51043779
51043785
51043788
51043791
51043799
51043811
51043816
51043820
51043838
51043842
51043844
51043864
51043884
51043899
51043903
51043910
51043919
51043937
51043960
51043973
51043984
51043992
51044003
51044043
51044044
51044045
51044053
51044056
51044067
51044073
51044085
51044088
51044101
51044104
51044113
51044162
51044193
51044221
51044224
51044230
51044242
51044246
51044258
51044273
51044290
51044295
51044327
51044362
51044370
51044390
51044397
51044399
51044413
51044419
51044433
51044452
51044457
51044466
51044479
51044483
51044492
51044508
51044536
51044544
51044563
51044576
51044611
51044629
51044634
51044636
51044653
51044660
51044695
51044697
51044707
51044708
51044741
51044744
51044747
51044797
51044804
51044808
51044926
51044949
51044955
51044965
51044970
51044976
51044978
51044985
51044989
51045041
51045048
51045060
51045094
51045108
51045129
51045192
51045194
51045212
51045223
51045230
51045231
51045236
51045245
51045252
51045259
51045267
51045270
51045275
51045365
51045380
51045394
51045405
51045438
51045440
51045519
51045595
51045634
51045641
51045726
51045731
51045822
51045831
51045854
51045862
51045869
51045877
51045889
51045917
51045947
51045951
51045967
51046010
51046054
51046082
51046100
51046108
51046125
51046147
51046177
51046196
51046200
51046208
51046212
51046215
51046229
51046277
51046327
51046384
51046394
51046429
51046438
51046486
51046522
51046531
51046534
51046536
51046550
51046563
51046587
51046594
51046599
51046615
51046642
51046652
51046657
51046701
51046721
51046744
51046748
51046759
51046761
51046766
51046802
51046811
51046812
51046815
51046828
51046856
51046858
51046963
51047004
51047018
51047032
51047056
51047058
51047069
51047117
51047193
51047206
51047219
51047295
51047307
51047317
51047321
51047326
51047334
51047336
51047363
51047398
51047422
51047431
51047441
51047444
51047506
51047517
51047556
51047575
51047584
51047586
51047593
51047595
51047614
51047623
51047634
51047647
51047701
51047704
51047722
51047752
51047758
51047760
51047784
51047789
51047795
51047800
51047822
51047824
51047843
51047865
51047889
51047890
51047903
51047911
51047921
51047955
51047978
51047989
51047990
51047996
51048004
51048006
51048015
51048016
51048018
51048032
51048041
51048056
51048064
51048077
51048094
51048112
51048116
51048122
51048124
51048126
51048137
51048138
51048143
51048182
51048185
51048188
51048216
51048230
51048242
51048255
51048264
51048265
51048267
51048270
51048272
51048274
51048284
51048299
51048317
51048324
51048337
51048338
51048364
51048376
51048384
51048385
51048406
51048411
51048429
51048430
51048460
51048473
51048483
51048486
51048487
51048497
51048502
51048509
51048554
51048567
51048568
51048573
51048577
51048578
51048584
51048634
51048643
51048663
51048669
51048698
51048725
51048730
51048732
51048749
51048765
51048771
51048789
51048794
51048802
51048806
51048809
51048818
51048851
51048856
51048868
51048893
51048897
51048904
51048932
51048944
51048955
51048966
51048987
51048989
51048995
51048999
51049022
51049030
51049033
51049034
51049047
51049100
51049103
51049115
51049133
51049135
51049144
51049156
51049165
51049185
51049199
51049211
51049214
51049216
51049245
51049268
51049272
51049278
51049291
51049306
51049333
51049334
51049347
51049370
51049372
51049381
51049398
51049405
51049449
51049450
51049453
51049458
51049470
51049485
51049537
51049571
51049573
51049575
51049588
51049603
51049607
51049665
51049704
51049706
51049772
51049811
51049825
51049829
51049840
51049875
51049876
51049888
51049898
51049899
51049904
51049906
51049907
51049911
51049912
51049917
51049936
51049953
51049971
51049986
51049995
51050023
51050038
51050044
51050060
51050065
51050068
51050075
51050085
51050097
51050121
51050130
51050137
51050141
51050155
51050220
51050248
51050255
51050257
51050264
51050275
51050284
51050290
51050309
51050330
51050372
51050373
51050375
51050386
51050406
51050407
51050425
51050445
51050454
51050481
51050487
51050533
51050555
51050560
51050584
51050585
51050615
51050617
51050621
51050631
51050637
51050639
51050641
51050670
51050696
51050698
51050757
51050760
51050766
51050771
51050773
51050775
51050782
51050783
51050795
51050810
51050834
51050835
51050837
51050840
51050862
51050867
51050911
51050923
51050927
51050934
51050959
51050971
51050976
51050982
51050992
51051027
51051032
51051078
51051093
51051113
51051145
51051157
51051168
51051169
51051179
51051188
51051189
51051212
51051232
51051245
51051270
51051285
51051289
51051314
51051319
51051323
51051349
51051358
51051363
51051366
51051382
51051399
51051404
51051416
51051420
51051421
51051425
51051441
51051443
51051449
51051459
51051481
51051498
51051502
51051506
51051507
51051518
51051575
51051595
51051601
51051617
51051627
51051638
51051649
51051650
51051661
51051672
51051676
51051712
51051718
51051751
51051767
51051790
51051815
51051843
51051877
51051892
51051894
51051922
51051923
51051933
51051941
51051955
51051974
51052003
51052025
51052032
51052044
51052063
51052073
51052090
51052122
51052130
51052140
51052165
51052166
51052182
51052202
51052211
51052220
51052236
51052238
51052248
51052251
51052253
51052265
51052282
51052289
51052303
51052311
51052320
51052322
51052326
51052334
51052349
51052354
51052368
51052379
51052402
51052409
51052423
51052441
51052475
51052486
51052494
51052500
51052553
51052618
51052627
51052661
51052673
51052711
51052724
51052747
51052792
51052797
51052815
51052822
51052838
51052843
51052852
51052890
51052892
51052898
51052907
51052914
51052925
51052929
51052931
51052955
51052960
51052976
51052984
51052993
51053016
51053048
51053090
51053114
51053149
51053161
51053179
51053181
51053197
51053211
51053221
51053252
51053259
51053268
51053302
51053304
51053317
51053335
51053337
51053341
51053368
51053372
51053457
51053476
51053479
51053502
51053515
51053550
51053555
51053573
51053576
51053595
51053604
51053642
51053644
51053648
51053654
51053709
51053713
51053728
51053736
51053743
51053744
51053791
51053796
51053809
51053821
51053833
51053834
51053844
51053877
51053901
51053912
51053914
51053930
51053935
51053950
51053956
51053977
51053993
51053998
51054001
51054017
51054019
51054021
51054045
51054047
51054113
51054115
51054146
51054147
51054148
51054170
51054172
51054175
51054192
51054205
51054216
51054255
51054256
51054270
51054291
51054310
51054338
51054340
51054342
51054361
51054374
51054387
51054393
51054436
51054456
51054468
51054501
51054522
51054525
51054535
51054553
51054573
51054576
51054577
51054581
51054591
51054593
51054595
51054597
51054600
51054604
51054608
51054614
51054658
51054659
51054675
51054679
51054693
51054697
51054714
51054756
51054765
51054808
51054817
51054824
51054831
51054845
51054880
51054897
51054909
51054933
51054934
51054939
51054947
51054953
51054959
51054963
51054971
51054972
51054975
51054985
51054986
51055002
51055007
51055017
51055026
51055031
51055033
51055034
51055035
51055038
51055059
51055068
51055071
51055083
51055090
51055106
51055107
51055110
51055118
51055143
51055148
51055166
51055167
51055193
51055194
51055203
51055206
51055208
51055228
51055229
51055270
51055276
51055278
51055282
51055289
51055293
51055318
51055320
51055326
51055336
51055338
51055350
51055353
51055356
51055369
51055370
51055372
51055377
51055381
51055384
51055389
51055392
51055396
51055399
51055421
51055430
51055434
51055436
51055438
51055451
51055454
51055455
51055456
51055460
51055464
51055472
51055490
51055492
51055494
51055495
51055503
51055505
51055520
51055521
51055540
51055547
51055551
51055554
51055577
51055579
51055587
51055606
51055608
51055612
51055626
51055638
51055639
51055640
51055641
51055643
51055653
51055655
51055665
51055690
51055706
51055727
51055733
51055738
51055752
51055754
51055764
51055773
51055786
51055792
51055793
51055808
51055809
51055812
51055816
51055822
51055836
51055847
51055858
51055861
51055873
51055883
51055885
51055904
51055921
51055953
51055957
51055966
51055974
51055977
51055985
51055996
51056011
51056020
51056035
51056036
51056038
51056040
51056051
51056052
51056054
51056062
51056084
51056096
51056097
51056103
51056104
51056133
51056134
51056163
51056184
51056198
51056212
51056213
51056214
51056224
51056238
51056247
51056253
51056285
51056289
51056316
51056339
51056356
51056361
51056372
51056384
51056389
51056398
51056413
51056419
51056427
51056431
51056434
51056438
51056447
51056457
51056459
51056474
51056476
51056484
51056497
51056501
51056505
51056510
51056516
51056519
51056530
51056531
51056532
51056537
51056539
51056551
51056562
51056570
51056580
51056584
51056591
51056609
51056610
51056612
51056626
51056627
51056641
51056661
51056672
51056699
51056709
51056716
51056737
51056740
51056741
51056762
51056772
51056784
51056793
51056802
51056835
51056852
51056863
51056883
51056886
51056889
51056890
51056891
51056899
51056913
51056944
51056952
51056969
51056975
51056983
51056992
51057012
51057022
51057028
51057037
51057069
51057100
51057105
51057134
51057143
51057212
51057235
51057236
51057242
51057255
51057269
51057276
51057278
51057285
51057320
51057322
51057324
51057344
51057372
51057376
51057384
51057386
51057392
51057398
51057401
51057403
51057404
51057409
51057416
51057432
51057433
51057434
51057437
51057450
51057454
51057456
51057482
51057484
51057495
51057496
51057501
51057510
51057517
51057527
51057531
51057546
51057549
51057561
51057575
51057586
51057589
51057590
51057591
51057600
51057604
51057622
51057654
51057658
51057662
51057673
51057681
51057685
51057705
51057711
51057724
51057730
51057735
51057738
51057746
51057765
51057776
51057787
51057817
51057827
51057837
51057838
51057839
51057851
51057852
51057855
51057867
51057871
51057881
51057897
51057901
51057913
51057934
51057937
51057954
51057968
51057989
51058001
51058008
51058009
51058015
51058019
51058029
51058037
51058056
51058060
51058083
51058085
51058100
51058119
51058148
51058165
51058178
51058183
51058213
51058227
51058238
51058240
51058260
51058276
51058303
51058307
51058316
51058321
51058330
51058342
51058350
51058351
51058364
51058371
51058376
51058393
51058398
51058402
51058406
51058419
51058456
51058467
51058475
51058476
51058494
51058507
51058509
51058522
51058535
51058543
51058569
51058573
51058583
51058586
51058588
51058595
51058612
51058617
51058621
51058622
51058627
51058629
51058645
51058656
51058671
51058699
51058722
51058749
51058753
51058764
51058769
51058781
51058804
51058821
51058848
51058851
51058862
51058873
51058879
51058883
51058899
51058932
51058935
51058945
51058947
51058951
51058952
51058960
51058973
51058980
51058988
51059002
51059008
51059013
51059018
51059022
51059036
51059044
51059046
51059089
51059090
51059101
51059106
51059109
51059127
51059140
51059151
51059159
51059172
51059175
51059178
51059189
51059200
51059204
51059215
51059219
51059235
51059250
51059255
51059282
51059285
51059290
51059295
51059310
51059337
51059339
51059342
51059348
51059364
51059366
51059395
51059397
51059398
51059402
51059407
51059409
51059423
51059451
51059477
51059484
51059488
51059505
51059535
51059553
51059555
51059572
51059593
51059600
51059606
51059623
51059658
51059662
51059668
51059690
51059703
51059708
51059712
51059737
51059745
51059764
51059783
51059786
51059793
51059801
51059814
51059825
51059827
51059828
51059833
51059853
51059868
51059893
51059895
51059897
51059900
51059908
51059910
51059925
51059946
51059963
51059964
51059967
51059975
51059988
51059990
51059994
51060006
51060009
51060013
51060028
51060029
51060045
51060082
51060088
51060091
51060094
51060116
51060126
51060141
51060161
51060163
51060164
51060167
51060191
51060197
51060198
51060201
51060202
51060231
51060248
51060249
51060260
51060275
51060277
51060282
51060306
51060326
51060347
51060361
51060368
51060369
51060374
51060375
51060376
51060382
51060399
51060403
51060416
51060443
51060447
51060451
51060454
51060462
51060478
51060486
51060501
51060520
51060526
51060528
51060539
51060574
51060607
51060610
51060622
51060628
51060648
51060654
51060663
51060685
51060691
51060698
51060701
51060751
51060752
51060782
51060787
51060790
51060803
51060809
51060813
51060822
51060823
51060842
51060845
51060876
51060877
51060878
51060889
51060902
51060918
51060925
51060954
51060976
51060983
51060984
51061002
51061021
51061030
51061036
51061054
51061070
51061107
51061111
51061118
51061119
51061135
51061155
51061158
51061161
51061189
51061190
51061199
51061222
51061224
51061227
51061230
51061257
51061314
51061322
51061339
51061352
51061353
51061374
51061396
51061422
51061444
51061452
51061459
51061472
51061473
51061478
51061487
51061492
51061513
51061519
51061527
51061543
51061545
51061553
51061570
51061588
51061603
51061619
51061626
51061636
51061654
51061656
51061659
51061663
51061668
51061671
51061684
51061690
51061701
51061702
51061714
51061724
51061729
51061745
51061766
51061787
51061818
51061850
51061852
51061854
51061868
51061883
51061887
51061888
51061889
51061895
51061904
51061906
51061913
51061925
51061930
51061931
51061938
51061947
51061974
51061989
51062017
51062035
51062049
51062059
51062075
51062078
51062123
51062134
51062141
51062153
51062164
51062198
51062203
51062208
51062209
51062221
51062223
51062240
51062257
51062265
51062274
51062279
51062287
51062310
51062312
51062316
51062319
51062327
51062328
51062347
51062354
51062356
51062376
51062387
51062418
51062431
51062446
51062464
51062494
51062510
51062523
51062538
51062563
51062567
51062586
51062600
51062644
51062669
51062672
51062679
51062680
51062682
51062697
51062699
51062703
51062704
51062706
51062708
51062711
51062716
51062760
51062768
51062774
51062860
51062864
51062900
51062986
51063002
51063003
51063014
51063016
51063018
51063020
51063021
51063025
51063032
51063033
51063036
51063052
51063055
51063081
51063086
51063102
51063114
51063115
51063137
51063154
51063155
51063164
51063174
51063175
51063193
51063199
51063214
51063223
51063227
51063234
51063239
51063248
51063290
51063307
51063310
51063311
51063322
51063323
51063324
51063345
51063360
51063707
51063722
51063739
51063765
51063772
51063786
51063787
51063788
51063793
51063798
51063815
51063828
51063852
51063855
51063856
51063861
51063884
51063905
51063920
51063930
51063941
51063945
51063948
51063953
51063970
51063972
51063974
51063976
51063979
51064021
51064035
51064056
51064070
51064076
51064079
51064084
51064091
51064096
51064101
51064102
51064108
51064135
51064137
51064158
51064159
51064162
51064171
51064174
51064175
51064176
51064179
51064190
51064213
51064249
51064280
51064297
51064301
51064308
51064319
51064328
51064338
51064356
51064500
51064501
51064539
51064546
51064556
51064570
51064577
51064596
51064599
51064616
51064618
51064645
51064667
51064671
51064690
51064699
51064721
51064727
51064728
51064745
51064763
51064766
51064785
51064789
51064798
51064824
51064845
51064870
51064872
51064874
51064876
51064911
51064913
51064914
51064926
51064933
51064945
51064948
51064949
51064954
51064988
51064993
51065002
51065003
51065007
51065036
51065050
51065054
51065059
51065065
51065111
51065126
51065224
51065225
51065232
51065235
51065241
51065247
51065300
51065322
51065336
51065374
51065385
51065399
51065474
51065503
51065505
51065528
51065556
51065599
51065610
51065627
51065647
51065658
51065664
51065666
51065686
51065732
51065763
51065764
51065772
51065780
51065796
51066047
51066072
51066091
51066216
51066279
51066286
51066289
51066301
51066310
51066320
51066335
51066357
51066390
51066393
51066402
51066423
51066480
51066496
51066510
51066513
51066517
51066529
51066540
51066543
51066544
51066545
51066568
51066571
51066610
51066621
51066741
51066744
51066767
51066769
51066777
51066812
51066836
51066869
51066936
51066938
51066939
51066944
51067002
51067012
51067044
51067049
51067077
51067078
51067098
51067146
51067148
51067149
51067152
51067153
51067175
51067178
51067201
51067205
51067257
51067261
51067268
51067280
51067289
51067432
51067433
51067464
51067487
51067514
51067523
51067528
51067532
51067536
51067542
51067557
51067565
51067574
51067588
51067589
51067620
51067637
51067661
51067666
51067670
51067679
51067682
51067704
51067729
51067734
51067758
51067765
51067767
51067778
51067787
51067801
51067804
51067810
51067847
51067867
51067887
51067894
51067902
51067904
51067913
51067919
51067929
51067931
51067933
51067948
51067949
51067951
51067972
51067991
51068002
51068009
51068041
51068050
51068066
51068070
51068088
51068102
51068103
51068111
51068115
51068142
51068157
51068177
51068185
51068186
51068216
51068217
51068237
51068270
51068293
51068296
51068330
51068333
51068334
51068341
51068394
51068395
51068397
51068411
51068427
51068437
51068441
51068474
51068501
51068502
51068513
51068516
51068518
51068546
51068557
51068562
51068569
51068574
51068575
51068580
51068582
51068588
51068589
51068610
51068640
51068645
51068678
51068690
51068711
51068721
51068729
51068731
51068736
51068763
51068770
51068774
51068791
51068809
51068838
51068856
51068916
51068956
51068963
51068964
51068978
51068983
51068987
51068990
51068995
51068999
51069005
51069072
51069172
51069194
51069247
51069254
51069255
51069264
51069266
51069269
51069279
51069282
51069289
51069292
51069314
51069317
51069326
51069333
51069342
51069347
51069393
51069426
51069430
51069431
51069433
51069444
51069445
51069448
51069463
51069485
51069490
51069497
51069500
51069501
51069530
51069542
51069547
51069553
51069557
51069559
51069561
51069563
51069570
51069572
51069578
51069581
51069585
51069590
51069608
51069609
51069625
51069626
51069636
51069655
51069660
51069663
51069671
51069674
51069676
51069685
51069697
51069707
51069755
51069793
51069802
51069809
51069874
51069907
51069913
51069938
51069959
51069974
51069984
51069989
51070012
51070019
51070021
51070076
51070082
51070135
51070139
51070144
51070183
51070259
51070269
51070276
51070281
51070373
51070395
51070405
51070424
51070428
51070437
51070465
51070469
51070492
51070501
51070532
51070547
51070566
51070630
51070678
51070837
51070890
51070894
51070917
51070989
51070995
51071029
51071044
51071055
51071139
51071150
51071240
51071255
51071265
51071289
51071291
51071301
51071326
51071331
51071366
51071374
51071385
51071413
51071453
51071510
51071519
51071528
51071602
51071631
51071737
51071747
51071784
51071956
51071964
51071988
51072004
51072005
51072011
51072023
51072039
51072046
51072050
51072079
51072090
51072093
51072134
51072145
51072149
51072176
51072202
51072205
51072206
51072207
51072217
51072226
51072289
51072292
51072301
51072312
51072344
51072348
51072361
51072365
51072388
51072396
51072403
51072423
51072425
51072471
51072529
51072535
51072540
51072625
51072645
51072651
51072690
51072698
51072719
51072744
51072749
51072776
51072821
51072827
51072838
51072853
51072854
51072856
51072871
51072894
51072951
51072973
51072998
51073020
51073035
51073041
51073068
51073082
51073108
51073137
51073167
51073181
51073193
51073195
51073255
51073287
51073291
51073294
51073323
51073347
51073358
51073403
51073446
51073484
51073488
51073492
51073539
51073554
51073562
51073565
51073581
51073624
51073626
51073633
51073638
51073642
51073649
51073666
51073683
51073734
51073741
51073748
51073751
51073764
51073771
51073793
51073907
51073908
51073930
51073942
51073949
51073956
51073975
51073999
51074053
51074074
51074088
51074095
51074117
51074122
51074171
51074172
51074174
51074175
51074182
51074187
51074188
51074192
51074198
51074201
51074204
51074209
51074218
51074228
51074231
51074243
51074244
51074245
51074247
51074254
51074264
51074265
51074268
51074271
51074278
51074295
51074298
51074301
51074305
51074306
51074331
51074339
51074344
51074345
51074347
51074350
51074365
51074370
51074371
51074372
51074377
51074379
51074383
51074387
51074392
51074402
51074405
51074415
51074416
51074427
51074433
51074436
51074445
51074455
51074461
51074463
51074465
51074474
51074475
51074477
51074483
51074489
51074502
51074509
51074512
51074515
51074518
51074533
51074550
51074552
51074555
51074556
51074557
51074564
51074586
51074588
51074591
51074594
51074604
51074613
51074621
51074632
51074636
51074639
51074641
51074646
51074653
51074672
51074673
51074674
51074678
51074680
51074685
51074692
51074702
51074703
51074713
51074715
51074717
51074719
51074720
51074736
51074752
51074763
51074770
51074771
51074772
51074780
51074785
51074794
51074810
51074822
51074825
51074845
51074847
51074860
51074866
51074869
51074890
51074900
51074904
51074912
51074933
51074936
51074940
51074949
51074969
51074975
51074983
51074998
51075017
51075022
51075026
51075029
51075032
51075035
51075061
51075096
51075131
51075151
51075168
51075183
51075184
51075186
51075188
51075191
51075193
51075206
51075208
51075213
51075217
51075218
51075229
51075230
51075234
51075236
51075238
51075240
51075242
51075243
51075249
51075254
51075258
51075260
51075262
51075263
51075266
51075276
51075283
51075284
51075288
51075289
51075305
51075320
51075335
51075339
51075340
51075341
51075370
51075379
51075381
51075387
51075388
51075392
51075403
51075411
51075418
51075419
51075420
51075432
51075443
51075467
51075469
51075499
51075512
51075535
51075538
51075539
51075548
51075549
51075555
51075558
51075577
51075587
51075593
51075603
51075608
51075622
51075623
51075633
51075636
51075645
51075650
51075656
51075665
51075675
51075681
51075685
51075686
51075687
51075699
51075706
51075707
51075715
51075719
51075720
51075734
51075736
51075764
51075765
51075779
51075788
51075795
51075817
51075829
51075848
51075859
51075861
51075883
51075896
51075908
51075942
51075967
51075971
51075981
51076005
51076008
51076022
51076029
51076043
51076048
51076054
51076055
51076088
51076090
51076094
51076101
51076114
51076122
51076125
51076126
51076129
51076132
51076142
51076149
51076156
51076171
51076176
51076185
51076197
51076204
51076209
51076210
51076212
51076219
51076223
51076236
51076243
51076247
51076250
51076259
51076279
51076291
51076294
51076302
51076307
51076324
51076331
51076333
51076345
51076348
51076349
51076355
51076357
51076362
51076380
51076385
51076386
51076389
51076402
51076411
51076416
51076417
51076434
51076437
51076439
51076457
51076460
51076468
51076477
51076495
51076511
51076517
51076531
51076532
51076536
51076556
51076560
51076561
51076588
51076594
51076596
51076597
51076601
51076606
51076620
51076623
51076641
51076644
51076646
51076654
51076670
51076673
51076679
51076687
51076697
51076700
51076722
51076737
51076744
51076750
51076752
51076753
51076756
51076764
51076771
51076772
51076774
51076784
51076796
51076801
51076806
51076817
51076818
51076826
51076828
51076829
51076840
51076843
51076846
51076869
51076874
51076889
51076895
51076917
51076920
51076925
51076927
51076931
51076942
51076946
51076951
51076954
51076972
51076984
51076991
51076999
51077006
51077019
51077020
51077030
51077038
51077043
51077059
51077065
51077068
51077069
51077081
51077086
51077097
51077099
51077116
51077121
51077151
51077153
51077154
51077162
51077172
51077173
51077180
51077183
51077184
51077226
51077228
51077235
51077242
51077254
51077258
51077262
51077269
51077288
51077300
51077312
51077332
51077351
51077355
51077379
51077393
51077402
51077407
51077409
51077415
51077417
51077437
51077446
51077457
51077473
51077479
51077490
51077499
51077503
51077513
51077515
51077527
51077531
51077533
51077536
51077546
51077547
51077557
51077564
51077582
51077584
51077585
51077590
51077594
51077596
51077602
51077603
51077622
51077631
51077635
51077641
51077644
51077649
51077655
51077662
51077670
51077688
51077690
51077692
51077702
51077710
51077711
51077727
51077728
51077729
51077737
51077745
51077746
51077750
51077765
51077772
51077774
51077775
51077783
51077796
51077825
51077850
51077885
51077891
51077893
51077905
51077928
51077945
51077960
51077977
51077986
51077996
51077999
51078002
51078007
51078038
51078047
51078110
51078115
51078121
51078131
51078132
51078143
51078162
51078169
51078198
51078212
51078215
51078224
51078256
51078267
51078268
51078271
51078277
51078278
51078281
51078285
51078299
51078310
51078313
51078329
51078337
51078339
51078344
51078345
51078351
51078354
51078366
51078386
51078395
51078398
51078416
51078448
51078452
51078468
51078481
51078504
51078509
51078532
51078535
51078543
51078546
51078562
51078563
51078564
51078579
51078586
51078603
51078616
51078626
51078640
51078643
51078644
51078659
51078687
51078690
51078694
51078712
51078728
51078749
51078766
51078768
51078772
51078773
51078775
51078804
51078809
51078815
51078832
51078840
51078846
51078856
51078860
51078879
51078881
51078886
51078895
51078912
51078920
51078931
51078935
51078936
51078940
51078948
51078953
51078967
51078983
51078985
51078986
51078990
51079011
51079013
51079017
51079020
51079025
51079033
51079040
51079050
51079055
51079058
51079072
51079096
51079111
51079116
51079141
51079159
51079165
51079197
51079210
51079234
51079236
51079237
51079240
51079242
51079245
51079246
51079251
51079254
51079260
51079264
51079273
51079281
51079289
51079298
51079300
51079307
51079308
51079315
51079318
51079327
51079329
51079330
51079341
51079353
51079357
51079362
51079367
51079374
51079393
51079403
51079429
51079434
51079444
51079448
51079460
51079464
51079476
51079478
51079481
51079488
51079494
51079496
51079498
51079500
51079512
51079526
51079531
51079552
51079554
51079555
51079585
51079587
51079593
51079597
51079609
51079621
51079637
51079655
51079698
51079703
51079718
51079728
51079741
51079751
51079761
51079771
51079775
51079789
51079814
51079832
51079842
51079844
51079852
51079874
51079882
51079883
51079893
51079894
51079930
51079934
51079945
51079954
51079982
51080049
51080125
51080127
51080136
51080137
51080177
51080195
51080215
51080230
51080280
51080283
51080293
51080308
51080309
51080313
51080322
51080335
51080336
51080337
51080352
51080376
51080380
51080405
51080414
51080443
51080454
51080458
51080473
51080491
51080513
51080528
51080542
51080578
51080601
51080610
51080615
51080623
51080625
51080627
51080656
51080683
51080685
51080705
51080746
51080792
51080839
51080856
51080896
51080902
51080922
51080933
51080947
51080963
51080977
51080997
51081023
51081046
51081047
51081081
51081102
51081105
51081120
51081143
51081160
51081196
51081215
51081251
51081274
51081312
51081324
51081330
51081349
51081364
51081410
51081442
51081467
51081502
51081505
51081506
51081507
51081508
51081519
51081533
51081540
51081554
51081561
51081576
51081588
51081607
51081627
51081648
51081663
51081696
51081704
51081716
51081722
51081744
51081745
51081766
51081768
51081771
51081772
51081775
51081778
51081812
51081814
51081847
51081861
51081866
51081867
51081870
51081878
51081884
51081896
51081897
51081918
51081919
51081934
51081945
51081952
51081959
51081961
51081972
51081996
51082007
51082018
51082025
51082042
51082046
51082060
51082061
51082062
51082072
51082082
51082088
51082090
51082125
51082133
51082136
51082148
51082169
51082178
51082190
51082194
51082196
51082197
51082198
51082205
51082231
51082247
51082249
51082253
51082263
51082268
51082274
51082278
51082284
51082288
51082299
51082302
51082303
51082344
51082346
51082367
51082395
51082416
51082420
51082421
51082429
51082445
51082463
51082466
51082480
51082491
51082498
51082503
51082506
51082517
51082532
51082536
51082538
51082541
51082550
51082557
51082582
51082621
51082633
51082637
51082663
51082682
51082693
51082696
51082722
51082725
51082731
51082732
51082742
51082750
51082764
51082776
51082778
51082779
51082780
51082791
51082800
51082815
51082821
51082829
51082835
51082839
51082852
51082868
51082900
51082906
51082908
51082919
51082932
51082935
51082961
51082983
51082999
51083004
51083005
51083008
51083045
51083046
51083050
51083068
51083069
51083090
51083092
51083094
51083112
51083117
51083123
51083124
51083126
51083138
51083154
51083215
51083237
51083242
51083246
51083258
51083272
51083283
51083292
51083341
51083346
51083409
51083421
51083428
51083453
51083467
51083473
51083475
51083487
51083491
51083507
51083513
51083518
51083527
51083537
51083543
51083577
51083587
51083588
51083591
51083596
51083598
51083601
51083628
51083639
51083665
51083682
51083688
51083705
51083706
51083719
51083725
51083750
51083753
51083768
51083770
51083774
51083786
51083795
51083802
51083805
51083809
51083816
51083819
51083820
51083821
51083825
51083832
51083836
51083840
51083866
51083868
51083871
51083882
51083893
51083898
51083911
51083913
51083923
51083928
51083929
51083931
51083933
51083975
51083990
51083995
51084033
51084040
51084065
51084067
51084069
51084091
51084097
51084122
51084124
51084127
51084130
51084140
51084185
51084189
51084201
51084208
51084210
51084212
51084214
51084220
51084228
51084229
51084253
51084264
51084272
51084275
51084281
51084294
51084295
51084296
51084302
51084316
51084317
51084328
51084336
51084357
51084367
51084376
51084377
51084382
51084384
51084388
51084399
51084414
51084421
51084474
51084523
51084555
51084563
51084571
51084582
51084587
51084590
51084607
51084612
51084633
51084645
51084653
51084662
51084681
51084683
51084699
51084722
51084729
51084747
51084759
51084769
51084771
51084838
51084864
51084865
51084890
51084916
51084917
51084923
51084968
51084980
51084991
51084992
51084996
51084997
51085011
51085013
51085015
51085039
51085040
51085069
51085070
51085078
51085083
51085093
51085124
51085127
51085147
51085180
51085182
51085184
51085193
51085203
51085205
51085212
51085223
51085255
51085263
51085268
51085272
51085282
51085295
51085330
51085350
51085354
51085364
51085375
51085389
51085394
51085395
51085398
51085402
51085403
51085414
51085417
51085433
51085472
51085475
51085482
51085495
51085498
51085517
51085537
51085539
51085555
51085567
51085585
51085597
51085600
51085603
51085604
51085606
51085614
51085628
51085639
51085651
51085653
51085659
51085679
51085687
51085690
51085691
51085704
51085710
51085716
51085746
51085755
51085762
51085783
51085789
51085795
51085797
51085802
51085817
51085847
51085856
51085875
51085881
51085894
51085908
51085952
51085972
51085976
51085979
51085983
51085990
51086011
51086044
51086069
51086070
51086076
51086088
51086104
51086105
51086130
51086142
51086153
51086170
51086173
51086175
51086185
51086195
51086197
51086202
51086240
51086251
51086252
51086259
51086260
51086261
51086268
51086286
51086292
51086295
51086302
51086303
51086304
51086318
51086322
51086328
51086332
51086342
51086343
51086362
51086376
51086378
51086397
51086422
51086436
51086456
51086458
51086469
51086481
51086486
51086500
51086508
51086521
51086548
51086566
51086569
51086580
51086594
51086624
51086627
51086634
51086637
51086643
51086651
51086659
51086660
51086676
51086680
51086690
51086704
51086716
51086720
51086722
51086737
51086758
51086773
51086782
51086791
51086793
51086801
51086809
51086832
51086842
51086847
51086851
51086856
51086887
51086898
51086900
51086903
51086912
51086931
51086947
51086970