68910002016
68910585010
68916240016
68909228010
68909230016
68907590015
68909288014
68912874016
68915007010
68906954014
68908488011
68912220012
68913640010
68907779014
68907042017
68911530015
68917127014
68917836010
68910913014
68912375014
68916516019
68910280018
68914534014
68915223013
68915230018
68908720017
68913141019
68914570018
68998752011
68991653018
68988426014
68993879017
68993911018
68994864018
68997344018
68999119012
68990609011
68997805018
68993984015
68993997017
68995501015
68995519017
68996114016
68994026014
68996116011
68996149012
68996861012
68991962013
68998418019
68995632018
68996229012
68988743012
68989491017
68990784012
68990785019
68992655012
68998448016
68988155019
68988161017
68992676018
68995124016
68992715014
68993415010
68994358011
68992159015
68993259012
68993656019
68997132017
68989921013
68994675018
68995320010
68977671018
68978334012
68984344013
68984348014
68984971013
68984981012
68986988015
68982342019
68985709016
68978409012
68978462011
68983006019
68987100016
68981164018
68986501016
68980459013
68979157016
68983918015
68985160012
68986569013
68987219014
68981308011
68986707019
68983297014
68984079015
68978136011
68979942011
68982101019
68982682018
68983303010
68978810011
68983364012
68984194012
68985489015
68986872011
68979458018
68986267014
68982280011
68973174017
68976974017
68965792016
68972419017
68973231015
68966490016
68966497011
68967124010
68968393010
68968432016
68968439011
68967900013
68974029012
68975832018
68970988013
68973364014
68974063011
68975861017
68976484017
68967234017
68967960017
68973405015
68973406013
68973418018
68976540016
68966648019
68969302010
68970072016
68971842011
68970197011
68977045015
68973552014
68974538012
68975451017
68976057011
68968114010
68968129018
68969485013
68972089018
68972101011
68975555015
68966864012
68969597015
68972165016
68973683017
68974996012
68976873011
68965658019
68968268014
68972221017
68973743019
68976278013
68969732018
68971465011
68976966013
68966398011
68961187013
68961943019
68962572015
68964321015
68959976013
68961244012
68961247015
68964391018
68954403013
68960047010
68961279018
68956731015
68957590014
68960063017
68962130012
68960734013
68962197011
68958473012
68964541018
68955502011
68960195017
68964002011
68960820010
68962322015
68962324011
68965119012
68957785010
68960907015
68962339019
68962884014
68960308016
68964711017
68958710017
68962954015
68957102018
68962455013
68962982016
68958835012
68959671010
68961795013
68960423013
68960458019
68956495017
68961911016
68961927012
68962551019
68963075018
68964275013
68964282019
68956543014
69030284013
69031312011
69038431012
69036469014
69030286018
69032542012
69038484011
69034718016
69031366017
69037518017
69037523017
69035314013
69034269010
69035351015
69038749017
69037262012
69033280018
69037983013
69031531016
69038563012
69034365016
69034919010
69036038017
69036679018
69037338010
69037374015
69032757016
69037434017
69031603013
69035547018
69033933012
69028949015
69028970011
69031672018
69033466013
69038189016
69033503013
69034539016
69031227011
69031726012
69033797011
69036282011
69032949019
69032957012
69033591018
69033594012
69036987015
69029235018
69038354016
69034078015
69025199010
69028567015
69019872010
69019880013
69022853015
69025816019
69027476010
69028714013
69022369012
69021207015
69022431010
69022925011
69025330011
69022954011
69023529010
69024113012
69020046018
69021888012
69026516014
69026518010
69026544016
69028797018
69020087012
69021330015
69021945010
69022520010
69023621015
69028181015
69020120011
69020125010
69021344016
69021967014
69021978011
69023053011
69021386017
69022577010
69023697015
69022607015
69024959018
69020266012
69019703017
69022122015
69023231013
69026183013
69019739011
69020917010
69021556015
69022139019
69022721014
69025074015
69023304018
69026251018
69028466010
69021009015
69021012019
69025759011
69027905018
69021024014
69022264015
69015495014
69018038019
69010722016
69014048012
69014810015
69018697012
69019328013
69013479010
69019435016
69016924012
69017579013
69018120015
69012167012
69015655013
69017589012
69017608010
69017616013
69019607010
69012230018
69018225012
69018821018
69010317015
69010914019
69013604013
69017040016
69018241019
69013026019
69017731010
69018904012
69009763013
69012354016
69015822019
69011095016
69011749018
69016557010
69017159014
69017165011
69017181018
69009241010
69011122018
69013729018
69017211013
69018380015
69015223010
69015260012
69015264014
69018393018
69018418013
69009290017
69010516012
69010530013
69013238010
69010565019
69013844015
69015356018
69017290017
69009368011
69010005016
69011925014
69011949014
69016059017
69010654011
69017397010
69010701010
69013393013
69014692017
69005375010
69006571013
68999431011
69004191012
69005428017
69008367014
69003539013
69004215019
69007192017
69000162017
69003575017
69005485017
69006670013
69006674015
69000904012
69001648014
69007322010
68999609012
69006202015
69004391018
69008571011
69002465012
69009018012
69001811018
68999743019
69002550011
69006360011
69007501019
68999238010
69001934018
69005207015
69005225017
69008736010
69007593016
69002019017
69002045012
69004643012
69004055019
69001415018
69002740018
69004760014
69007690010
69000708017
69084642017
69080620017
69073964018
69075265018
69075955014
69082571010
69073979016
69076009019
69084769018
69079320017
69081357015
69081440019
69081447014
69078206019
69083831017
69080819015
69083533019
69076151019
69078248011
69074191017
69076228015
69076230011
69078286011
69084884015
69084897017
69081689011
69074911018
69077674019
69074304016
69075645011
69084378018
69085002013
69080364012
69080383012
69074369019
69074382012
69075050014
69076387019
69078427011
69084473017
69079718012
69079725017
69080436018
69083092016
69073683014
69073687015
69074442014
69075084013
69075115015
69077114016
69080452015
69073709017
69075148016
69075842014
69075180019
69078577013
69078603017
69082294019
69073859010
69079194016
69079903010
69068639013
69069815018
69067059015
69070452017
69071805015
69063051016
69069877018
69071874011
69072499016
69067949017
69067953019
69070527016
69072559017
69072614010
69067267014
69069988013
69070008017
69070599015
69073436017
69065196017
69070674016
69068156018
69068170019
69070099016
69072084016
69068187013
69072110019
69072142012
69069418011
69062730016
69070176012
69071548011
69072838015
69063393012
69063427018
69066817017
69070227013
69071579016
69067594011
69070247011
69070259016
69069630011
69071653019
69071668017
69071669015
69072289011
69062277018
69067698010
69070343018
69073013014
69062329017
69071734017
69072368013
69067047010
69056405013
69059616012
69051212018
69054942017
69055733019
69055754015
69057104011
69061929015
69061945011
69051361013
69052115012
69058043010
69058867012
69059759010
69059769019
69054301016
69054320016
69055849013
69055875018
69058087017
69060511012
69053622016
69054361010
69055137013
69055160015
69057288012
69059839010
69061316015
69058145013
69060576015
69058234015
69060640019
69051544014
69053786019
69056734016
69059131012
69059977018
69052333011
69053071016
69057431018
69057454010
69058292013
69059268012
69053118015
69053879012
69054659017
69057459019
69059353012
69060049013
69057511017
69060781011
69055495015
69055537014
69055560016
69051788017
69055585013
69055586011
69056238018
69058585010
69051901016
69054831012
69055652011
69056289011
69050319012
69050332015
69051923010
69051963016
69056358014
69045288017
69046063013
69049560015
69045339018
69048117015
69048137013
69049611016
69041557019
69043423012
69044683010
69046163011
69041021016
69040450018
69045485019
69046425014
69047431011
69049029011
69045533016
69041119018
69047532016
69040549017
69043039016
69049684013
69043090019
69043616011
69044915016
69041258014
69045752012
69039450011
69043167015
69049312011
69041940017
69045830016
69040771017
69041371015
69041997017
69041411019
69043262014
69045158012
69047016010
69040833015
69044523018
69043325019
69045244010
69046055019
69049531016
69039026019
69122619019
69124106015
69124148017
69129750015
69120579017
69128217016
69129794013
69120599015
69121239017
69131619018
69127558014
69127597012
69128996015
69131755010
69127617018
69128324010
69120666012
69120695011
69128356012
69128368017
69129957016
69123484017
69127712017
69122861017
69123542012
69130010011
69125936014
69130116016
69122951016
69130581011
69131562010
69120876017
69121572011
69122960017
69131130016
69128606010
69120252011
69121634019
69123030018
69124590010
69127916014
69128635019
69120285011
69122376016
69126186015
69127979012
69127985019
69119678010
69123091010
69123895014
69123988017
69131277015
69125289018
69126261016
69128761013
69121812011
69125104019
69120519013
69121851019
69121865019
69123240013
69124077018
69124079014
69126542019
69127421015
69128852010
69129629011
69114325013
69117518010
69117543018
69111309010
69113501010
69117587015
69109349010
69109479015
69113527015
69115878010
69116725012
69106998017
69112754016
69116760019
69115937014
69107072010
69116823015
69118540013
69109888017
69110739019
69113813019
69113833017
69116086019
69117796012
69117823014
69107178015
69117871013
69117882010
69110022010
69113059019
69113956016
69113126016
69114015010
69115530017
69118000018
69113147012
69115588015
69117167016
69117175019
69116290017
69117201013
69118061010
69118811018
69108143018
69109049016
69110191013
69111737012
69114166011
69114179014
69114882013
69114245013
69114246011
69114270011
69117458019
69107428014
69109296013
69104471017
69100877019
69106365019
69102323012
69099496011
69101036011
69101046010
69097520010
69098902019
69102405017
69106630016
69105863014
69101159011
69096413019
69097622014
69098292015
69101839018
69101855014
69095819018
69105164017
69098356018
69100387019
69105295019
69095293016
69105343017
69095359015
69096539011
69104278016
69097840012
69097884010
69104309019
69105411012
69096606018
69097927017
69098513014
69100564013
69101518018
69105451018
69105453014
69106218010
69096068011
69100037010
69094378016
69094973014
69087323011
69087973013
69092519017
69088032017
69089330014
69091290016
69090632010
69090634016
69095196011
69092641019
69088128013
69089447016
69090082018
69092052019
69094523017
69088176012
69093897016
69095180015
69086169019
69086836013
69088261012
69088263018
69086256014
69088944013
69092184010
69089008016
69090920019
69085130012
69087041019
69089022017
69089030010
69088417010
69089687017
69092312017
69085797018
69089138011
69089728019
69086440014
69087835014
69086466019
69089801014
69090450017
69092442012
69093621010
69085920016
69087268018
69088581013
69089245014
69090487019
69168897016
69169744019
69170720016
69170998018
69171030019
69172923014
69174302019
69165546012
69167738013
69171078018
69166604018
69175100016
69166628017
69168489012
69164982010
69166789017
69168499011
69171894018
69173167017
69175805010
69165940017
69165949018
69169985018
69172560014
69174594011
69167993014
69172613011
69174616012
69174628017
69167012013
69170078019
69175005017
69167057018
69170774013
69172660012
69166155011
69167222018
69167227017
69174102013
69164658016
69166193012
69170198015
69170220017
69171554018
69172734015
69166313016
69168771013
69170241013
69170250014
69170259015
69170887013
69172824014
69168243013
69169688018
69169698017
69170306014
69172248016
69173585010
69164764012
69166404013
69175568014
69171629018
69172275019
69160921012
69161457016
69163172019
69156767015
69163212013
69159768010
69162707013
69159870014
69159875013
69162116017
69162130018
69155632012
69155645014
69161649018
69162157011
69161659017
69163413017
69163967012
69155718019
69161148011
69163444012
69163446017
69157631012
69160671013
69160680014
69164065014
69158926015
69161292017
69155901011
69158331018
69156581010
69157202012
69163655013
69164253016
69145297017
69145982014
69152984010
69146018016
69147302013
69150487016
69146721015
69146755013
69151255016
69151258010
69151275014
69152536018
69145409018
69147992011
69148510010
69149898018
69152580016
69153085015
69153704011
69155132013
69149199011
69153718011
69146186011
69152634011
69146237012
69150040013
69152077013
69152087012
69150720010
69145620010
69145654019
69147652011
69152735016
69153294013
69145059011
69148197016
69146404018
69147076013
69154539010
69147754015
69152275013
69152344017
69145854015
69148882013
69150292010
69154053012
69146565016
69148361018
69148963011
69152924016
69153507018
69145958014
69150351014
69140144016
69140925018
69142500017
69143197011
69143952019
69144663011
69132345019
69135874015
69138170015
69138181012
69138970018
69141668013
69134940015
69134961011
69142628016
69143996016
69132440018
69144051019
69144056018
69144963015
69134196014
69144996015
69134237016
69139476015
69140429011
69140467011
69142760017
69142785014
69143442011
69134377010
69137741014
69142793018
69143469014
69133505017
69138498010
69142858019
69135346014
69137123015
69137847019
69138538013
69139654017
69139669015
69137183019
69139728019
69142201012
69140683013
69143656016
69142331017
69143706019
69136626018
69138694014
69140815011
69135608017
69138042016
69138751012
69142383018
69132994014
69134763011
69136720019
69143906015
69137450012
69138886016
69214614019
69224491010
69211284014
69220801014
69224709015
69218082015
69218090018
69219837011
69214088016
69219137016
69222205016
69219994010
69211465019
69211498010
69214182017
69214874019
69224850017
69219263010
69212877014
69212887013
69222502016
69222550015
69217511014
69219293017
69211546016
69212898010
69224637018
69224685017
69224706011
69221652010
69213624019
69213628010
69222725013
69219422012
69210501012
69215759011
69217676015
69217691014
69218559012
69211139010
69213747018
69218584010
69220442017
69216857012
69210599016
69224197013
69213841019
69218766013
69211886016
69212547013
69215681017
69206821010
69209500017
69204958012
69207790016
69204985015
69210301017
69200831015
69208681016
69199274011
69201770014
69204392014
69198057011
69198059017
69198705015
69202786019
69198091010
69200013010
69200992015
69202864014
69198766017
69201074011
69209062018
69198215015
69199464018
69201198018
69203045019
69197639017
69200271014
69205379010
69198324015
69198940018
69200303015
69203142014
69208358011
69200395011
69201341014
69203192019
69204710017
69209315010
69197773014
69198416019
69201464014
69201468015
69202424017
69205613012
69199720013
69201483014
69206778012
69197841019
69199800013
69201539013
69187011011
69193839017
69196000013
69192577014
69196645015
69189904015
69190583014
69193267011
69194645017
69196093018
69196103015
69188536016
69191982017
69193297018
69197598015
69192028018
69196149018
69196164017
69196766019
69187841011
69190722018
69193403012
69195414017
69195443016
69196193016
69196201017
69196776018
69195476016
69195477014
69196235015
69197329015
69189453013
69190111014
69192182013
69194139011
69191512012
69194167012
69195591012
69196313010
69196919014
69187383014
69189506018
69192927011
69196336011
69196337019
69188081013
69192323013
69192935014
69195013017
69189599013
69195803011
69187531018
69188940010
69195072013
69196462015
69188238019
69188983010
69190358011
69192419019
69195124012
69186932019
69188291018
69189049019
69192444017
69193096014
69193781011
69196513015
69190473018
69176322015
69177717015
69178326014
69179001012
69183841015
69184395011
69184417013
69176406016
69177076016
69179082012
69180484017
69186506011
69186524014
69178421013
69178428018
69179834016
69180537012
69177153013
69179180014
69177176014
69178513017
69179191011
69179223012
69179934014
69180613011
69181976011
69185211019
69176605013
69180630015
69182723016
69186619012
69182067018
69184049014
69184058015
69185284016
69177969012
69182831017
69180112014
69185350015
69186031010
69178055019
69180168016
69182912015
69184763010
69184787019
69176782010
69177476018
69179493011
69182929019
69183590018
69184187012
69184193010
69182353012
69184841014
69176165018
69181610016
69181612012
69182367012
69185493013
69178225018
69182407016
69183745018
69184298017
69176237015
69180356017
69180365018
69181685018
69181686016
69181692014
69182435017
69185628014
69177704013
69178975018
69263461015
69265222019
69270964019
69267105014
69261708011
69263508013
69268006013
69261751011
69264713018
69270014013
69271070014
69266592014
69268113017
69262419014
69268161016
69268917011
69269801016
69263072010
69261965017
69262523013
69264289019
69266092015
69266117010
69269093010
69264918013
69269922010
69263184013
69261458013
69263248016
69267624014
69268479012
69264451015
69263310014
69270789010
69269335015
69264517013
69264540015
69267000017
69263380017
69264583015
69261666011
69263430010
69270903017
69259230010
69250812014
69251477015
69252174017
69257937012
69251510013
69253673017
69257301011
69259995018
69253014014
69253723010
69255828015
69250935013
69256725012
69258698019
69259394014
69250198018
69252433017
69255928013
69255965015
69257426016
69258067017
69259438019
69260114013
69252451019
69251062015
69251100013
69256137010
69258813014
69254854012
69256875015
69252581013
69252584017
69253276019
69259601012
69251856010
69251877016
69254072011
69251266012
69253346010
69256997017
69257717018
69249204018
69250639011
69252763017
69251383015
69252029013
69254310015
69254321012
69255267016
69257148016
69257811019
69258457010
69259834019
69249965014
69251409018
69252089017
69253556014
69257860016
69259173012
69260467015
69250037018
69252152013
69254501019
69244396017
69245049011
69248009012
69248020019
69240539016
69241885012
69242445014
69246673017
69248042013
69238468012
69241892018
69248897010
69239897011
69240662016
69241953018
69248124019
69248136013
69239932016
69242571017
69247503015
69247514012
69248206014
69248216013
69239321012
69241422014
69246850011
69248908015
69239352017
69240778010
69242634013
69246139019
69242085018
69244663010
69246964010
69242144013
69244712015
69246997010
69247015010
69247022016
69241592014
69240921016
69241613018
69242873017
69239542013
69240976010
69244805017
69239614010
69242276013
69240379017
69242315019
69242996016
69244300019
69247921019
69239709018
69241774018
69241776013
69242344019
69243672012
69238365010
69241801019
69238396015
69234295013
69234969013
69235001014
69235790012
69237107017
69230271018
69232246018
69232259011
69234375013
69231075012
69231689010
69234424019
69235065019
69235850014
69237216016
69231723017
69231132011
69232382011
69233805010
69233822015
69235948016
69230432016
69230447014
69232468018
69232480013
69233872010
69235971018
69237961017
69230482011
69233893016
69237790010
69230527013
69233985010
69237381018
69228295011
69231342016
69225760017
69229183018
69233395012
69231401010
69225983015
69226017011
69234154012
69226083013
69228641016
69229278016
69234884014
69235537017
69237017018
69233559013
69234262013
69237032017
69231578015
69309517010
69305934011
69314247017
69309904010
69311696018
69313889017
69309926013
69310954012
69305353014
69314008013
69304731012
69315641010
69311052014
69312687016
69304784011
69314753014
69313392012
69315439019
69312057012
69312774012
69306808016
69314835019
69311261011
69313496011
69306264012
69306267015
69306291015
69306824013
69308217018
69314551012
69312853014
69312926018
69313571011
69314978017
69312996011
69305054018
69313036015
69311511019
69306543019
69309202019
69302280012
69295538012
69295550017
69298641011
69302878013
69303503016
69294921011
69297429012
69298700015
69296215016
69296875017
69298148017
69298161010
69299347014
69299983016
69295648019
69296278014
69298779019
69303006010
69296972012
69298256018
69298260010
69304254015
69295776018
69297026016
69297668015
69298285017
69299512013
69300125011
69300129013
69304121016
69295173018
69297067010
69297693013
69297702012
69303762018
69297728017
69299602012
69298992018
69300266013
69300844017
69303246012
69294653010
69295938014
69297798010
69299035015
69300856011
69301508017
69302657011
69303858014
69295979018
69296605018
69297212012
69299699018
69299739012
69299154014
69302763017
69296066013
69296691018
69297983018
69297995012
69298566010
69302234019
69295504014
69290966010
69290969014
69290989012
69294290011
69284544013
69286167011
69288317010
69288329015
69290446013
69290466011
69291018019
69292960011
69284618015
69286222014
69286231015
69286941019
69287669015
69289061013
69289067010
69292232015
69284663011
69285474012
69291124015
69294526018
69283864016
69284705010
69285555018
69287107016
69289940018
69291201011
69293804010
69291836014
69294488011
69285689015
69290038018
69291287010
69291292010
69294348017
69284023018
69284024016
69284046019
69284919017
69285775012
69288668016
69284953016
69285851011
69285869013
69286591012
69283385012
69288770010
69291411016
69291426014
69286649018
69287362017
69294075016
69284293017
69285142015
69283563014
69285210010
69286069019
69290325019
69292808012
69292812014
69283619014
69287535018
69288925010
69290369017
69294244018
69283641018
69288997019
69279513015
69280178014
69280210015
69280218018
69280998015
69279530019
69281899014
69273772013
69277334018
69279592019
69280265019
69281978016
69273029018
69275091016
69276711018
69277345014
69277353018
69279635016
69280349011
69281120015
69277992013
69278984019
69274507012
69278008017
69271802010
69273202011
69273921016
69275213016
69278064010
69273961012
69280567018
69281453010
69282992016
69277582012
69271334014
69278171013
69279257019
69279947015
69282402016
69274140012
69275542018
69275551019
69276994010
69277638012
69274776013
69279333018
69280770018
69280829012
69282670018
69272825010
69282704015
69282718015
69282724013
69282731018
69275748011
69277171014
69278724019
69280166019
69280982019
69282744011
69282769018
69271567019
69274300012
69274985010
69275757012
69275762012
69277209012
69359158012
69351285011
69352712013
69360022017
69351371019
69351374013
69362061013
69359234011
69352045018
69360220017
69362116015
69359811016
69360349014
69361230015
69361854012
69361877013
69362095011
69350975018
69351685012
69359473015
69351719019
69353031017
69356250010
69353686018
69351203014
69359075018
69351884011
69351256012
69351281010
69346710016
69348043010
69348631012
69349219015
69344292017
69346156012
69346727010
69340879015
69347467012
69349298019
69349300013
69345088018
69346226013
69348134017
69348749012
69341547017
69345123013
69343824018
69341594019
69343170016
69343851011
69345733019
69350099017
69343208014
69346976013
69349473018
69350156015
69347694011
69347712011
69348940017
69349500018
69349525015
69341148014
69345829015
69347039019
69340367011
69343364015
69346474019
69347774011
69347777014
69349570011
69350318011
69340407015
69344743019
69347795016
69350319019
69340447011
69345399019
69346550016
69346582019
69350400017
69344177010
69344181012
69346028013
69347915010
69344211017
69344869012
69344884011
69345504014
69347954019
69347987019
69345549019
69333531011
69335016011
69335684016
69327867017
69328474011
69329211016
69330529018
69332719013
69333556018
69335060019
69335746013
69331235011
69332801019
69329273016
69330604019
69332015016
69335155017
69327937018
69328644019
69331333014
69336654018
69338326011
69338336010
69329330014
69330699019
69332194019
69340233015
69328754016
69334630010
69336880019
69338434013
69329452016
69329461017
69333078013
69335377017
69339365018
69328843017
69329481015
69330850018
69339426018
69328932018
69334068013
69334776011
69330240012
69331647017
69335481017
69330982019
69336185013
69329048012
69329652011
69330329013
69332545012
69334205011
69336216016
69337298013
69327748019
69327756012
69329082011
69329675012
69331056011
69334954014
69336265013
69327794013
69329705017
69331082017
69331822016
69334280014
69334295012
69334976017
69327814019
69328435012
69332674010
69320714018
69320745012
69320748016
69323947011
69325785013
69316076018
69325828011
69316130013
69320816011
69324679019
69319492014
69320158018
69322395014
69327547015
69317620012
69320219018
69320225015
69322418014
69316295014
69322599011
69323225012
69318430015
69320294011
69320989016
69321836018
69327264017
69316366013
69316386011
69318456010
69320361018
69320372015
69322650012
69327324019
69317814011
69319738010
69325306018
69326101012
69326120012
69315704016
69319135019
69319784014
69321151012
69326913010
69315737016
69326963015
69316569012
69322776015
69322784019
69321297013
69322140014
69323616012
69327039013
69327047016
69319918018
69322168015
69326375012
69327158011
69319997012
69320709018
69403083018
69405926016
69400904018
69401489019
69410771019
69403455018
69403472013
69406634015
69409202018
69399128017
69399691014
69406697012
69406704016
69406707019
69409290013
69398564014
69400404019
69410183017
69406109018
69399815019
69399832014
69401646014
69403612014
69409460012
69400478013
69410702014
69401164018
69406271016
69406961012
69406296013
69401226015
69410446018
69405511016
69402847017
69403222012
69405553018
69405556011
69398307018
69403228019
69399509018
69406495011
69399532010
69395451017
69396103013
69397855017
69387647010
69394220017
69394874011
69394886015
69396135015
69396683014
69397236010
69397900011
69389818015
69391919017
69394912019
69389868010
69395552012
69395569016
69397323016
69398129016
69388882012
69396761018
69397356016
69394433016
69395063010
69395685010
69398107012
69391449015
69395098016
69395107015
69396891013
69389303018
69390084011
69392279015
69395133011
69396349012
69397556011
69392979010
69393821013
69390138015
69390778018
69391593010
69392354016
69392376019
69395230015
69396976012
69397636011
69387318018
69390184019
69391639011
69392393014
69395272017
69386638010
69386642012
69390855014
69391668010
69393082012
69393920013
69394629019
69395929012
69397047011
69388392012
69391735017
69396525017
69397755019
69397757015
69397778011
69389568016
69394136015
69394144019
69394730015
69396602014
69396621014
69393340014
69380446014
69385255014
69376236015
69377625018
69378387014
69381165019
69385396016
69386253018
69386263017
69376288016
69382133016
69376328010
69384621018
69384651015
69385475018
69375069011
69375070019
69377114013
69379342018
69383202018
69377925012
69383981017
69384789013
69386132014
69375168011
69378686019
69385668018
69377270013
69379481014
69383325017
69374333012
69378047014
69385731014
69380161019
69382587013
69383454015
69378148010
69380219015
69380921016
69380936014
69383482016
69374493014
69378894019
69380963018
69385132015
69374535012
69382744010
69385168019
69376186012
69374627017
69378316013
69379753016
69362518012
69366916014
69367755015
69372425018
69363278012
69365453019
69366209014
69369531018
69363387011
69363411019
69368771011
69364874017
69364887019
69367137016
69367916013
69369598017
69373367011
69362695018
69364279019
69368887015
69370390016
69364964016
69368013018
69369685012
69373449017
69363593014
69366537018
69372724014
69370528011
69366644012
69372866013
69372884016
69364486010
69365142018
69365849018
69371360018
69373661017
69362991011
69365868018
69363064016
69363866014
69366825017
69368392016
69370030018
69373826016
69362369010
69366861012
69373075010
69364682014
69364688011
69366878016
69451387014
69453126014
69456578013
69456605014
69459164019
69456653014
69459567013
69451741012
69459607017
69450798013
69451859012
69459694015
69460103014
69456961011
69457005016
69459759016
69457042019
69453578016
69458806016
69458836013
69459460011
69450944013
69460232011
69455246018
69455265018
69458139012
69451007018
69452790018
69453701014
69454113011
69457293018
69457321017
69457331016
69447790016
69454175010
69455560012
69447875015
69454201014
69460371017
69452953012
69459020013
69449439018
69460442016
69454593014
69447294019
69438684012
69446243017
69436682018
69437358014
69439547010
69440309012
69445267017
69445276018
69446319015
69447501017
69447541013
69437408017
69446437015
69437531016
69437537013
69437667018
69444767017
69446661010
69446715014
69438417017
69441515013
69437095012
69437780019
69439957011
69445965016
69437107015
69435059010
69435771010
69443303012
69439324014
69443357018
69435858015
69443424016
69444238019
69435168019
69437981013
69438655012
69433153013
69431091017
69431790014
69432487016
69424011014
69431827014
69427252011
69428309018
69431193011
69431871012
69432590017
69429089015
69429790018
69434054012
69429886014
69428461017
69431292011
69432024017
69432725019
69432062017
69425800019
69425818011
69427503017
69428511019
69425869014
69430058017
69430064015
69431406017
69423238014
69427550018
69427590014
69427598017
69432234012
69422549015
69427660015
69428691019
69428696018
69431516013
69427688016
69427039012
69428779012
69432355015
69427074019
69427109013
69428798012
69428821012
69428832019
69421956013
69412809015
69418087012
69412984016
69416769017
69418141017
69418842010
69420104011
69413041014
69413828014
69417434017
69422207010
69414609017
69414610015
69414612011
69415448019
69416164011
69420846017
69420869019
69413105017
69413140014
69413946014
69418349016
69418996014
69419650016
69413972010
69416299015
69419708012
69420332018
69421695017
69411887012
69413240012
69415613018
69416329010
69416353010
69412572019
69414796012
69417746014
69420419013
69421783011
69415687012
69415712018
69419223012
69421914012
69412781016
69497763012
69502098016
69497193012
69497776014
69500852018
69506158014
69502698013
69503400013
69504821019
69504857013
69505546011
69504249013
69497314014
69499042019
69505971011
69502841019
69503503014
69502925010
69505662016
69499744010
69499747013
69505156019
69506075010
69498651018
69499796010
69499821016
69503692015
69504556011
69497553017
69498737015
69497584012
69499330018
69499916014
69496978017
69496984015
69498834010
69499378017
69499399013
69506524017
69502557011
69503970015
69504707010
69497133018
69493922018
69493931019
69496461014
69486028013
69494647010
69496498016
69485259015
69490954014
69495879018
69496642019
69487864010
69488767014
69491066016
69491783016
69495339013
69491850013
69486261010
69492635017
69494814016
69488890014
69489658014
69490463016
69492662011
69496084014
69494265011
69489751017
69491290012
69494271019
69494331011
69496175010
69489823014
69485701016
69487471014
69487491012
69488278012
69488306011
69489093014
69492120010
69496241010
69486615017
69488317018
69491414018
69495664014
69485092010
69486743017
69486790018
69491535010
69496437014
69490127017
69482510014
69473004019
69473548015
69481014018
69482549012
69482627016
69483356011
69473639012
69474225019
69478002018
69479804016
69481132018
69481922012
69476471017
69477246012
69480444018
69481944016
69473148014
69473693019
69476559019
69478931018
69479844012
69480523019
69473236017
69480653014
69474463016
69475990017
69476763017
69479166010
69473309012
69473327014
69473875012
69474475010
69480045013
69472771014
69476158010
69477659016
69478483010
69479364011
69483081015
69472842013
69476160016
69476972014
69474631018
69476219010
69477753017
69477765011
69480238014
69477766019
69478602015
69480257014
69484183018
69473505015
69474107019
69474738011
69477818018
69467803012
69469104013
69471006016
69467863016
69469135017
69462302010
69465881010
69466563013
69472569012
69462366015
69469223011
69469256011
69469896014
69469947015
69471167016
69471867011
69461630015
69461634017
69465993013
69466660017
69467306016
69463449018
69466687010
69467370012
69472632018
69466080018
69467401015
69469427018
69470038010
69472452011
69463567017
69466764017
69472498014
69470702011
69472086017
69472110015
69461905011
69468898011
69470160012
69471444019
69471466012
69472134015
69472144014
69468268017
69471482019
69466290013
69469637012
69472228015
69461235013
69466338010
69466988012
69469671011
69472251017
69462140014
69462143018
69465009018
69467674017
69469710017
69471642018
69462196016
69463861014
69469749015
69470352015
69470373011
69470934010
69472330019
69463156019
69467784014
69550376017
69550997010
69545881014
69543950019
69544764013
69545908015
69545911019
69553207011
69550458013
69544791016
69545448012
69547135013
69544820013
69544852016
69553274011
69551185011
69554122011
69554124017
69544141014
69551279012
69544178016
69544210017
69545571011
69553060014
69553373011
69550642012
69550645015
69544996011
69546113011
69546713018
69553101016
69553825010
69549175017
69549990019
69543584016
69544265011
69553121014
69544333017
69550763016
69545168016
69546233017
69549430016
69550178017
69544572010
69545761018
69545778012
69545781016
69546324014
69548069013
69553624017
69548505016
69550901012
69545324015
69545818016
69545830011
69547768011
69550961016
69551620017
69552319015
69552331010
69552339013
69538249013
69539810011
69540495018
69541884012
69533529013
69534307013
69536575013
69538352015
69541194016
69541952017
69542744017
69535011010
69539221011
69540602019
69540625010
69542032017
69531070010
69537737018
69539248014
69542090015
69531098011
69532797017
69535196019
69540688018
69532955011
69535226014
69536790018
69537815012
69537840010
69539328014
69540062016
69541438017
69542682019
69533824018
69538669012
69535308010
69538712010
69538726010
69540814010
69540183010
69534691010
69530703017
69542403010
69537290018
69542450011
69531439017
69536437016
69536440010
69536443014
69539651019
69541048014
69542502019
69542507018
69534832010
69538231011
69539017013
69541065018
69541085016
69534867016
69537460017
69528120018
69528127013
69530268011
69517803012
69517815016
69522549014
69520611014
69523770015
69525345014
69527468012
69527473012
69526007019
69528241012
69530543017
69529018013
69529024011
69530475012
69518034013
69519051016
69520872012
69522863019
69528384010
69530511014
69518093019
69520097016
69521723016
69525562014
69528458012
69520988016
69525585015
69530398016
69524090017
69521072018
69524160018
69527865019
69517406014
69518491015
69521249012
69523211010
69523231018
69526379012
69527036017
69530069013
69517435013
69521283011
69521291014
69527071014
69526489019
69527106018
69528747018
69530142018
69518716015
69525820016
69526557013
69517738010
69521433012
69507626019
69515390012
69516242014
69508352011
69516302016
69509699014
69514184010
69514780015
69507802016
69509074010
69510450019
69511163017
69511788011
69507272012
69507280015
69509838018
69515790013
69507321017
69507334010
69508567014
69515795012
69516539013
69507381011
69509254018
69510657019
69510691018
69511998016
69514436014
69508062016
69508073013
69514457010
69510090013
69512096018
69512694010
69513331018
69516775013
69508141018
69508164010
69512140014
69513962010
69516103018
69507043017
69508180016
69509479011
69513995010
69515276013
69507604016
69508226017
69508233013
69510247019
69599316016
69601425011
69605248013
69605892018
69594000011
69596402017
69606282011
69606308014
69601501019
69603245011
69604467010
69605273011
69597111013
69603316010
69603320012
69605313015
69594935018
69594953011
69594956014
69597156018
69597167015
69602324015
69603362014
69603373011
69606013010
69595749012
69597179010
69599685014
69606461011
69606475011
69603809014
69596587015
69596591017
69606838010
69603858011
69603865016
69604754011
69606117019
69597248013
69601695019
69606153014
69598774017
69606593011
69606596014
69601731012
69601894018
69595228017
69602937014
69593750012
69596020017
69596775016
69596781014
69596784018
69600260013
69600267018
69600282017
69600289012
69607039014
69607042018
69601064018
69604944018
69605630012
69605632018
69596069014
69607086015
69601151013
69602985013
69604204017
69593830012
69594638018
69594654015
69594663016
69605043018
69595459018
69596164013
69596924010
69600448014
69607172013
69605089011
69605090019
69594759012
69596209016
69600886015
69600904016
69604328014
69605170019
69596987017
69598432012
69598438019
69600971015
69605227017
69583289013
69584978010
69588389016
69590724010
69591509014
69592493010
69593509012
69581431013
69583380010
69592566013
69593671010
69581518017
69582222015
69585120018
69590065018
69592629019
69592651013
69593675011
69581547016
69591844015
69580907013
69582365012
69587892010
69592779012
69592806013
69582443017
69587941015
69591079018
69592023015
69588010018
69582607017
69583843017
69585532014
69586349012
69587083016
69589700013
69593054019
69581887016
69585588016
69589746016
69591292017
69580451012
69581143014
69587171019
69589793018
69591310017
69591335014
69593124010
69593157010
69589022012
69589824011
69591374013
69592351010
69580507011
69580528017
69582034014
69586569015
69575515011
69576326012
69577786016
69579274011
69570651019
69571612010
69579302010
69579948010
69569869010
69573987014
69578601016
69568152012
69570760018
69571665018
69573277010
69575674016
69576510011
69577294011
69579410011
69568233010
69575071015
69572600014
69579467011
69572614015
69573448017
69579536013
69570205014
69574292018
69577450019
69571960013
69573519015
69578213010
69568538012
69574427010
69572810019
69572845015
69574480019
69576878012
69567772018
69571292011
69572850015
69576895016
69577645014
69578359011
69568650015
69577699011
69575426011
69579790016
69571515015
69577764013
69579250011
69572272012
69573824019
69573883015
69563908012
69565679017
69554510017
69555901017
69558188018
69565731016
69565749018
69554596016
69556680016
69554607011
69555310011
69555999011
69561779019
69563187013
69565826014
69559167011
69560667017
69566600012
69566612017
69554709015
69554711011
69554714015
69556848019
69559189015
69559203014
69555402016
69556132018
69561956013
69554799016
69556200013
69556893015
69556918010
69559323010
69560090012
69560954019
69561982019
69562007014
69562009010
69555474015
69556214014
69558514015
69559362018
69561133019
69563629014
69566036019
69556958016
69561229015
69561267015
69566843018
69556313014
69557004018
69560201015
69564371012
69566114014
69566899010
69556355015
69565390011
69555012013
69565469013
69566220019
69566958014
69567003018
69558004017
69558802014
69561508012
69562917014
69563839019
69563848010
69566326014
69555796011
69561591018
69563884015
69555858019
69560459019
69646719014
69648293018
69648863018
69645808016
69647801019
69648884014
69645304016
69647829010
69647838011
69641477014
69642150016
69649486017
69650223010
69644765019
69645366015
69647127019
69649572014
69650733018
69651990013
69649061018
69650420012
69652091019
69647341016
69641088019
69651308018
69642469010
69646259011
69647421016
69645116014
69649296010
69645167017
69647486019
69648223015
69642814017
69646398017
69637532012
69637537011
69631652014
69636555014
69639418012
69630400019
69630423011
69633530010
69634828017
69639436014
69640866019
69634841010
69637673014
69629788010
69634310016
69640929015
69631925014
69631325017
69629926016
69632016011
69637874018
69637898017
69639137018
69629372013
69629966012
69638616012
69638620014
69639913012
69640558012
69634560016
69637961013
69630095017
69634045018
69636055015
69638002015
69632196011
69633243010
69637421018
69638063017
69639299016
69639303016
69636502016
69637506016
69630336015
69634735014
69634752019
69627754014
69629141012
69621368019
69621396010
69621416016
69622645019
69625193017
69622128016
69622696012
69625202016
69625219010
69628541014
69629162018
69619646012
69627968010
69628598014
69628603012
69628619018
69620394016
69624727013
69625331013
69627390017
69625448015
69628147010
69619979017
69621847012
69623550010
69621254011
69616524014
69615113017
69609314019
69610678014
69612039017
69616642014
69610738016
69617318010
69608107018
69609407011
69618124011
69619106017
69608737012
69610141013
69610839012
69617432019
69608150018
69610203011
69612933011
69613839019
69614609015
69615319010
69616805017
69618239017
69609552014
69610935018
69615408011
69616857018
69608240017
69608873015
69609639019
69610285018
69611603011
69613021014
69615434017
69616153012
69616875010
69608264017
69609643011
69609657011
69610311012
69610991011
69614738012
69614742014
69617708012
69617710018
69617037016
69617764015
69618529011
69609089017
69611132011
69611856015
69614926013
69614937010
69608451010
69608474012
69609891016
69610496011
69611194011
69611898017
69614987015
69617867016
69607935013
69609189015
69610538010
69617880019
69611246019
69699034014
69694005019
69692021018
69692025019
69699119013
69699144011
69699838018
69691362017
69694104010
69696030015
69700878011
69692837017
69695391012
69702201014
69692133011
69696102012
69690792016
69695480013
69700013015
69700706014
69701464019
69690907010
69691565015
69696224014
69696230011
69698064012
69691675012
69692406011
69696593012
69691014014
69691745013
69698189017
69693676018
69695003013
69695775016
69696659011
69696682013
69699558012
69691106018
69691113014
69691142013
69696711010
69691162011
69693745011
69696484014
69697028018
69698946010
69697077015
69684805014
69686903015
69686904013
69685488018
69687652017
69688549014
69677792013
69687688011
69678683013
69679510017
69685618010
69687033010
69677916018
69687085010
69680520013
69680527018
69683380019
69685687015
69686391013
69685069016
69687179011
69688747014
69678890014
69679812017
69681551017
69683466016
69685753015
69685759012
69687195017
69688811018
69678132011
69686494015
69688001016
69689530013
69681640018
69681692019
69684447015
69686562019
69689555010
69677235013
69680049013
69689652015
69677566011
69678362014
69678396012
69679103011
69684589014
69685999014
69686018012
69687439019
69688257014
69689684018
69683746011
69687461013
69689751015
69678457012
69686073017
69688358010
69688366013
69689091016
69689771013
69677669013
69677700016
69678528010
69679284019
69681909017
69686872012
69680258010
69671488014
69672249019
69672293017
69673262011
69675551015
69666380010
69667748017
69674141016
69674859013
69675580014
69672358018
69675598016
69665068012
69668598015
69668627012
69670875013
69672427011
69665131018
69669444011
69674238010
69670993014
69671726017
69665180015
69665189016
69671784016
69671817014
69668790018
69675099015
69675117015
69665273018
69666003018
69667396015
69671098011
69671875012
69671884014
69665296019
69666728010
69670394015
69665355013
69667531017
69670435016
69671937010
69671968015
69672770014
69673778016
69664548014
69665407012
69665418019
69672021012
69673798014
69674596011
69675281019
69676464010
69664590016
69665438017
69665459013
69669802010
69670525014
69672861011
69676469019
69666867016
69669857014
69671326016
69671343011
69672898013
69674698015
69675423017
69672969012
69664775013
69666290011
69661170010
69663372010
69657062015
69660500019
69660515017
69661222019
69654834010
69655668011
69656375012
69663510015
69652725012
69655707017
69655709013
69655714013
69658066015
69658085015
69658885018
69661976010
69663559012
69654941013
69661994013
69662792010
69663578012
69655807015
69656479012
69657252012
69659015011
69654275016
69657290012
69661387010
69661419011
69653613019
69658243010
69659207014
69660003014
69652926016
69655959014
69655979012
69657397015
69661535014
69663836014
69657465010
69658469011
69663146018
69660233017
69662339010
69655433010
69656134013
69657577012
69660295016
69660301012
69661657016
69663994011
69652446015
69653189010
69657726015
69654735019
69655545011
69743723018
69744328015
69747490010
69746284018
69748847010
69741997010
69749497013
69746936013
69746956011
69747546019
69748208015
69748212017
69740784013
69745799016
69746399014
69742090013
69742097018
69744540015
69741513015
69741535018
69749300019
69742198014
69749323011
69748445013
69741615018
69743403017
69747804012
69748519015
69741028014
69741648019
69743445018
69750398019
69744125015
69744760019
69744767014
69749809019
69746000018
69746652016
69747289016
69740407011
69741123013
69744155012
69745091018
69745094012
69749826013
69749849015
69745401019
69742922017
69742929012
69743577018
69749875010
69745434010
69746740019
69748660017
69742422018
69742429013
69748694016
69748707016
69745238015
69747424019
69743711013
69743712011
69744299018
69749973013
69746191015
69736395014
69737062019
69738449017
69737750019
69730810018
69731470010
69732145017
69737106014
69739162015
69729531013
69734402010
69736486011
69736517013
69729541012
69737864018
69735979016
69737225012
69739299015
69734541015
69735988017
69736021016
69736638017
69731664018
69730427011
69730428019
69730441012
69733088018
69735378011
69737371014
69738098012
69729851015
69729863010
69731869013
69734785018
69735517014
69736848012
69734850010
69729269010
69729957010
69732588018
69734881015
69732612016
69737636010
69739654011
69732669016
69732679015
69737685017
69723803012
69720310011
69722733012
69722759017
69725470018
69716920013
69718421010
69720421016
69715426012
69716292017
69728262016
69721879014
69722091015
69722101012
69728336018
69728796013
69715644010
69718631014
69719850019
69719864010
69719869019
69722160018
69725085014
69725120019
69717999016
69714979011
69725232012
69716639019
69721165018
69716678017
69718938013
69722557015
69726629018
69726630016
69723605011
69716011011
69719301013
69720249011
69721282011
69712585018
69706677011
69709817010
69709822010
69707484011
69708167011
69711279019
69709061015
69703356015
69709137013
69709936018
69710616013
69710634016
69713622018
69703414012
69703417015
69704563015
69707630019
69709993019
69705385012
69705391010
69708359014
69709282017
69711436015
69712899013
69704641019
69707713013
69708439014
69710074015
69711485012
69711487018
69704691014
69707775012
69713860014
69714328011
69705529015
69705537018
69705553015
69712289017
69706299014
69707185014
69712358010
69702356016
69704901017
69707232014
69712390013
69702407017
69704943019
69710367013
69702483018
69703171018
69705836014
69706562015
69707426012
69762701010
69750947013
69758497011
69761570010
69761604017
69756337011
69760601014
69756421013
69762998012
69754649011
69757358016
69760758012
69760761016
69762255017
69759421010
69762356013
69759473011
69760914011
69754835016
69750633019
69762495019
69750723018
69751474017
69754954015
69760291014
69750731011
69751501017
69751505018
69761077016
69752595018
69758360011
69759681019
69805180016
69810845017
69805802015
69807957015
69807988010
69809448013
69810245010
69810254012
69805860013
69806482015
69809481014
69800415011
69802679010
69804302017
69807279014
69800428014
69803482018
69805937019
69801228017
69802023011
69806652013
69807467015
69809653018
69809658017
69809667018
69804593011
69810427014
69808802012
69799838017
69799847018
69810482019
69806729019
69803650010
69806771011
69808244017
69800736010
69810579012
69806147014
69807693016
69808319017
69799252011
69805528016
69805553014
69806900016
69805572014
69799335014
69800901010
69801024010
69803981019
69805437010
69805720019
69787206011
69789442010
69790126016
69793014011
69794336017
69798111010
69788824010
69791090013
69796313014
69790279013
69795750018
69788929017
69789619013
69794517012
69790368014
69794538018
69795211011
69797546018
69798300019
69793267015
69789737013
69798557014
69798644010
69797783017
69792859010
69794179011
69794192014
69794830019
69787896019
69789994010
69790898010
69798726015
69790989017
69797248011
69797906014
69787963017
69791019012
69783377014
69777581019
69786673013
69776160013
69777667016
69778374018
69785164014
69777707010
69781241014
69782735014
69775374011
69782777016
69783691018
69785957011
69775425011
69777022014
69781331013
69776352016
69779239012
69779878017
69780588019
69786082017
69786624016
69777940017
69783894018
69779376012
69780692019
69781670014
69783144018
69781707014
69782394010
69779451013
69781783015
69784106016
69775061014
69784179013
69785593014
69778222019
69784971013
69784977010
69778287012
69780980018
69772888013
69769283012
69770839018
69764826013
69764833019
69764851011
69765693016
69772353018
69774800016
69764238011
69771013019
69765776019
69769453011
69774728019
69765796017
69768710015
69769484016
69771758019
69772491016
69773210019
69774768015
69765879011
69768748015
69770478015
69764418019
69768022015
69774557012
69768055015
69771908010
69772627015
69766700018
69768132012
69770654011
69772710019
69768998016
69772763018
69772794013
69763969012
69765399010
69766884010
69768301013
69765411013
69769994014
69772205010
69856050019
69848590015
69849248019
69849306015
69855487014
69850044018
69850710014
69851444019
69856950010
69854042018
69847418010
69848090016
69848691011
69857830013
69854105013
69849411013
69856660015
69855616018
69848135019
69847589018
69847600013
69850888018
69856419016
69849554010
69850242018
69852933010
69855055019
69855072014
69848269016
69857805015
69855760014
69855790011
69848298015
69851695016
69850349011
69851086018
69851101015
69854408011
69846981018
69851811019
69857295019
69855221017
69855250016
69855910015
69850442014
69854523017
69847072015
69851210014
69857419015
69857431010
69854553014
69847941011
69840380019
69835602013
69836989013
69837700013
69839630010
69841192017
69844091018
69835637019
69844168014
69835678013
69835727018
69836458019
69838429018
69845999011
69836474016
69838474014
69839155018
69836497017
69846128016
69839214013
69837298018
69843590010
69845322016
69844430018
69845434019
69837407015
69840844014
69838044015
69838732015
69840129010
69834800014
69838113018
69838771013
69846385012
69837515015
69838122019
69835494015
69836145012
69836151010
69834898018
69836966011
69840337019
69833093017
69823411013
69824146014
69824824016
69823443016
69825664015
69827110017
69823463014
69828677014
69829493015
69831889010
69832683016
69826565013
69830188018
69833961015
69833983019
69834559016
69830228012
69834035017
69823699013
69827344012
69834051014
69834456015
69829685016
69830308012
69830332012
69831223012
69827422016
69829729012
69827460016
69828321019
69829730010
69833506018
69823933016
69826105018
69826824014
69831365011
69823258018
69824642012
69832997010
69826906019
69832317011
69826235013
69825558019
69812226018
69813698017
69822185014
69820865013
69819446015
69823039012
69812336015
69820220011
69815790010
69818738016
69818742018
69818814015
69821024016
69811847012
69813304012
69816684014
69818074016
69820389014
69815290011
69821873016
69815338018
69817541015
69821273019
69821278018
69812100015
69812103019
69817589014
69811452011
69814796018
69818350010
69822061017
69811523019
69811525014
69820703016
69813695013
69815575015
69898374013
69898376018
69903184019
69895780014
69897147014
69898413019
69899241013
69898469011
69898479010
69905524014
69906260014
69901339011
69903300011
69904019016
69904058014
69905583010
69902716019
69897293016
69898623013
69900167017
69906282018
69896047017
69899486014
69896080018
69898040010
69898796017
69906169017
69896849016
69905422011
69898095014
69898112017
69898911012
69902304014
69896192011
69900740011
69904402014
69896221018
69896961019
69896982015
69896991016
69905958014
69904449015
69896270015
69898252011
69896365013
69899146014
69899827019
69900894016
69906059010
69903923010
69904592012
69895739010
69890811012
69892224016
69889347010
69890858013
69894519017
69888264018
69889421013
69891562010
69893090010
69885481011
69889465010
69894598011
69882820013
69887490010
69882892012
69889560018
69892458010
69882918015
69891748015
69895398015
69884867012
69885020017
69885889015
69882330013
69887751015
69887001015
69890670012
69891375017
69886117010
69887027010
69890715015
69883470016
69890049019
69883531015
69884443012
69888163012
69881774013
69871551017
69874622013
69875337017
69878191015
69876300014
69870242014
69872385019
69873198015
69877733015
69882093017
69871046018
69871827011
69874902019
69882124010
69872535019
69874912018
69877801010
69881935010
69871138013
69874959019
69877167016
69881301015
69881986013
69873386016
69877906017
69879377019
69879378017
69881358015
69872693016
69880400016
69877249012
69874388011
69877280017
69872813010
69876725012
69878031013
69870024016
69870725018
69870743011
69873663018
69876820011
69881722012
69865776018
69867615016
69862551018
69865277017
69861769017
69869549015
69858337018
69858979017
69868698011
69858368013
69858371017
69859680010
69863569019
69865370010
69865927017
69865425012
69867096019
69861280015
69861967017
69865992011
69859823016
69861306018
69868898017
69858562011
69861331016
69867265010
69868953010
69869502014
69869504010
69859877012
69862124014
69865529011
69865543012
69869008012
69861403013
69861443019
69869035015
69858725014
69862314011
69864095014
69866218010
69869198011
69862414019
69858825012
69945304013
69944721019
69947651015
69944103010
69948331013
69942796013
69950087016
69946405017
69942840019
69944890012
69942253015
69950574013
69941640014
69946522019
69946559011
69946566016
69947924016
69947937018
69945042019
69947966017
69947970019
69950772013
69951355016
69948002010
69942458010
69947344017
69943114018
69946149011
69943860016
69950885013
69946797017
69946814010
69948108015
69948113015
69945231018
69946893014
69942044018
69943983016
69939385010
69935984014
69939426012
69930251013
69934496010
69935280017
69936023010
69939464013
69939497013
69941082019
69930313011
69931079017
69940274013
69941102015
69934629016
69941000011
69931160015
69931909015
69932591010
69934012015
69938218014
69941018013
69931193016
69931194014
69934713018
69936924019
69931263017
69937618016
69940882013
69932728018
69936983015
69929914019
69932045017
69939131018
69939158011
69940536015
69932852016
69936427013
69939881018
69931488010
69933529019
69934311011
69939933017
69930750014
69934995011
69936515015
69939992013
69930053013
69930827010
69931539010
69932936017
69932980015
69936540013
69932299010
69935901018
69936557017
69936579011
69938672012
69930912010
69932312011
69926766016
69928193011
69918496010
69921360013
69922026019
69922042016
69922046017
69927422015
69929516012
69920771012
69928961011
69928989012
69922875019
69923714019
69924540017
69922909016
69927594011
69929029016
69929882018
69918680019
69920899011
69920908010
69923798012
69928410019
69928420018
69919470014
69926321010
69920263010
69922343018
69924732010
69926336018
69928556019
69922375010
69923957014
69920338010
69921699014
69927134016
69918098014
69921124013
69921730017
69924049019
69925704018
69926509010
69918939019
69929307016
69918999013
69919735010
69921186012
69927223017
69919029018
69925850019
69929372010
69929391010
69919078015
69925953011
69928064014
69918384018
69920643013
69922686010
69926701013
69921336013
69908254015
69917734015
69907664016
69912918019
69915564018
69916290019
69917050016
69917867013
69913615010
69918018012
69917134018
69918050015
69908424014
69909569015
69913064011
69907201017
69913202017
69917811011
69917827017
69907308010
69907934013
69914509014
69907330014
69907986013
69909853013
69915213012
69917389018
69906740015
69917425010
69916837017
69912081016
69906875019
69907522016
69912100014
69916157010
69994925015
69991961013
69984614017
69987389013
69988038015
69988063013
69992797010
69994039015
69992825019
69994400019
69986910017
69987549012
69989995015
69991508012
69992147018
69993743013
69986257013
69986272012
69988213014
69994479013
69990084015
69992273012
69985001016
69987679017
69988321015
69994220011
69995323012
69990873011
69990905011
69985026013
69986435015
69989022018
69994649011
69989569018
69993237016
69984358011
69985773010
69987765014
69994675016
69991767014
69984423013
69984440017
69984480013
69994768019
69992546011
69993365015
69989181012
69990409014
69993373019
69985265017
69987275014
69987276012
69989207015
69994861012
69991942013
69975685018
69978124015
69982051014
69984044017
69982772015
69982781016
69983423014
69981540017
69982145014
69977637017
69977651018
69978270016
69979679017
69981615017
69983531014
69984186016
69975210015
69976113010
69979034015
69973867014
69974609019
69977704015
69979768018
69980438015
69977773010
69979106011
69980507017
69973260012
69976276015
69980545017
69983046013
69974742018
69981837017
69979963015
69973424014
69973430011
69974187016
69977977017
69974921018
69978021013
69980071014
69980720016
69979456010
69966171010
69966203011
69966863012
69968823014
69970932019
69966213010
69966887011
69968218017
69969527010
69973064018
69962938016
69963567012
69966899016
69966922016
69971076014
69973251011
69967656019
69971773016
69964337019
69968361015
69967699019
69966456015
69972526017
69973037014
69966489016
69965918015
69969806018
69964004015
69966043011
69970817012
69962796018
69964050018
69964712013
69967415010
69970887015
69966126014
69960346014
69960974013
69961002012
69954949013
69958367014
69960401017
69957064018
69958378011
69958381015
69956432018
69959823015
69960460013
69957825012
69957859011
69957861017
69957877013
69960523018
69951944017
69953609014
69954401015
69955134011
69959986010
69961262012
69961855013
69955159018
69955167011
69957932016
69957938013
69953810018
69955270013
69960068014
69954525011
69955998019
69956685011
69956698014
69957994016
69959404014
69952178011
69956072012
69956764014
69958744014
69959551012
69962087012
69954057015
69954770013
69959623019
69951679019
69958904014
69960927011
70034100015
70035902013
70035906014
70035921013
70038085014
70039596019
70034401017
70035223014
70036722014
70029232013
70029250015
70031457012
70038937016
70038943014
70030821010
70031506016
70033318014
70034529015
70029309019
70029934014
70032205014
70032771015
70039006019
70036849015
70032796012
70039065015
70030287014
70038710017
70039135016
70037701017
70033546010
70031766016
70032377011
70038867015
70036350014
70029554010
70037816013
70037845012
70031858011
70035715019
70029697017
70029090015
70031319014
70037309019
70037976015
70032585019
70035835015
70024542010
70025920017
70018813013
70018845015
70020243019
70023963019
70028752011
70020326012
70022502016
70028846011
70018947019
70021827018
70026083013
70028882016
70021091011
70025458018
70018371012
70024198011
70025534016
70025535013
70026223015
70023533010
70028690013
70028692019
70023589012
70026294016
70026953017
70018506013
70019186013
70019194017
70026988013
70026990019
70027002012
70028349016
70019207017
70025014019
70027041010
70021395016
70021401012
70018661016
70020727011
70023062010
70026472018
70027766012
70022322019
70023758013
70023769010
70024465014
70023166019
70013191019
70006293012
70009961011
70013201016
70015999013
70007913014
70010829017
70017581017
70014069016
70014850019
70014853013
70008806019
70017685016
70011077012
70013537013
70016248014
70007467011
70007496010
70010362019
70012822010
70013623011
70014329014
70008262015
70012843016
70014360019
70015064016
70006717010
70012081013
70012924014
70009074013
70009800011
70010625019
70013052013
70010706017
70014592017
70001663011
69995802015
69995808012
69996359015
69997012019
70000406016
70003736013
70005073019
70001185015
70005097018
69995950012
69999247019
70001799013
69997956017
69999273015
70001859015
69995996015
70000017011
70000614015
70000633015
70001304012
70004583018
70004595012
70005868012
69996030012
69998701016
70001928018
70005251011
69998730015
70000725019
69995482016
69998154018
70000136019
69996131018
69997441010
69998857016
70000183011
69996196011
69998884010
69998915012
70004848015
69995609014
70005503015
69996245016
69996892015
69998966015
69999005011
69995739019
69996280013
69998373014
69998379011
70003628012
69996331014
69998415013
70000383017
70078688016
70080837015
70083538016
70076955011
70084945012
70074774018
70076349017
70078832010
70081842014
70082847012
70075585017
70077071016
70078890018
70079569017
70081890013
70084419018
70085464013
70083034016
70074990010
70075712017
70076545010
70078300018
70079694013
70085581014
70085973013
70077547015
70077573011
70081428012
70074380014
70084071017
70084077014
70076801017
70080697013
70079332010
70084132017
70075397017
70076875011
70078646014
70080457012
70064360018
70066823013
70071445018
70072844011
70064406019
70065571019
70071474018
70066880013
70066902015
70070575013
70063365018
70063374010
70063969017
70068398014
70073054016
70067003011
70067006014
70067731017
70068462018
70069832011
70063449010
70064034019
70063478019
70064071011
70065751017
70071668015
70064619017
70067860014
70069305018
70069951019
70069960010
70070753016
70063581010
70064134017
70066478016
70067185016
70069314010
70066549014
70067958016
70069391018
70070127013
70065358011
70065981010
70066600015
70070987010
70066033019
70068820017
70064793010
70066682013
70068859015
70071316011
70063787013
70067438019
70068176014
70070326011
70071369010
70073537010
70073560012
70063798010
70063829013
70065482019
70058910018
70059699016
70061587019
70062158018
70062690010
70062707012
70052039012
70055924012
70056628018
70057272014
70062169015
70055176019
70057350018
70052155016
70052753018
70062934012
70056802019
70061174016
70061718010
70057457011
70057476011
70061192018
70062307011
70052261012
70054521017
70060478012
70062922017
70052308011