57770148092
60450048038
59363552045
57886281035
61634860066
61415990033
57070031048
57872508037
59169628031
60625669049
57663052047
57157318045
61046034045
57358657035
56992940039
56974476036
57822632044
60501810055
57054034034
61491580047
57719815058
57983503034
57950707055
57919409033
61526166051
56254963034
57084834031
58144396037
59922330057
60612774059
58901300040
56072700030
57970491037
60882668031
57237972043
59889433035
59690474038
61129323034
60882745045
58256570056
60233101039
59995968031
57997658055
59094013044
57327238032
60497572040
58400029066
59461751036
58107854048
56368900039
61868805035
61281464048
57328729062
57033042033
57957221035
61228144034
59052738053
56176809067
56285114037
61232700045
57589561055
59035910035
60338971070
58569350030
57791940030
60765594031
57597172051
57759124072
60453191033
59191827031
60964450043
60058389040
58436365070
61324027034
58436237048
59370990030
57953039076
58711131064
57539291050
60860151034
61002864039
58447170048
56906780042
56449010030
60710793035
58315218044
60865285035
57325691034
56584987034
59584000030
60254893050
61939099048
61600463036
58979621038
56641243058
58022478055
60469708036
57471905055
60960000032
61591112048
56048217036
58404473070
59752228041
60492497037
57854211048
59880279031
57870788045
60003651031
58777843040
58865197036
57873016063
59581025048
59290846031
61138766041
61007580044
59559678034
58763898040
56741175044
58472473051
61542305030
58112803030
60938237039
57662198031
60456639046
57881127035
58090077037
57669064053
61913313035
58358157034
60210712030
58850308044
60043247048
61867380030
59563431032
59413919038
56883371047
61362693036
56784011031
56338505033
57321645034
56702817030
57662582036
59605382037
56110262035
58554630032
57586533032
60383290046
59010606038
59937827048
58087412049
58052491036
60860262039
60781784038
59404236038
59046081040
57058205036
61002442034
61501506040
58204178051
57796944037
56230940031
59408993030
59017532039
59757873056
58202774075
59973711031
59600872040
59779533035
57478949031
59861750042
57277379042
58972099059
58773772037
61123096057
58841501038
58537426037
61172892034
59426800035
56169541057
56673316046
60788275055
57127252035
59864789039
57679386041
59664944032
59770933036
57437343037
60934241043
60292567039
59648512038
58893604037
61498214038
58492969047
61573890033
56519334039
60197204043
58825653037
60984614032
59474838044
60103384046
58293098053
61289612036
61681892038
57917777035
57294939042
61732305030
56606711040
58272131032
58202761031
59874709035
58026185052
56202019038
56907147035
58690324045
59592053039
61220345035
61109549046
61213096041
57946377047
60104718036
57680262041
60470233032
59292071083
57359114051
58761999055
60462934035
60379000037
60075547067
60774543052
57466276041
59835865033
57085978035
56553048032
57131058055
56271920033
59395530035
61087362032
59076511031
60081277030
57749078040
57015827039
58275175036
56805068036
58863322057
60283828044
57194109035
60170539035
59002179036
60267147031
59779632035
56244372031
60970352043
60636832032
56939049043
59405054034
56890455031
58713254039
56078286034
58493556033
58507255044
56050247053
58011734039
60220619043
56158206050
56737485043
56124426048
57415801055
58770677049
59272123052
61385681034
60993297035
57116406030
57602861045
57611606035
58415840036
60235849049
58832512051
61423455037
58892859038
60984193037
61518576051
60212422034
57566645038
57602773034
57141793030
56062047046
61714072053
57901449054
56550156036
56799145030
59922726031
58629520036
58573557042
59933155048
56686959048
58826882031
56441615042
57818477057
58645721048
60074822040
56206942045
59322833031
59596923039
61012590038
61244249031
59558297042
58073433033
60224042036
59523426049
56195759046
56839440037
56433679048
58217539034
58643059052
59106293030
61584992034
61858313073
59080633052
60356615039
60655964039
57623586084
59733041034
60207281031
59883897037
58856477033
57578040038
57591601055
59074785033
57343494056
59587148042
59889537033
61805214036
56600994030
58878336043
57442309031
58984262034
59369387032
59010664052
58549491045
58922159045
60300148038
59910698051
60112162037
57904270051
61001516069
59454589047
59524658038
56202357032
57545078046
56198331033
61548480043
60611193103
60325719045
61000317030
58437032059
56597648037
57802004032
57880237033
56650352055
59456783044
58549491052
56936809035
61483565055
61303136038
61162699043
59472855032
57553786035
56846535035
56050193042
59840703039
61828255040
61368551048
56787365046
57932274059
56552864033
60430670034
57976262036
60826068041
61069334033
57215073038
61425591045
61935419059
57655268056
58869794036
61762064036
57261557041
59348909039
56310132038
60332198043
61139292039
59619806039
57381524038
61254755034
60131991036
57898859034
57351714049
59701133060
59122628037
58986213035
59421266042
59689371039
61811670031
57938201049
61656577044
60157426032
58918373048
57408544043
60709785059
59376438042
58564780041
56770352043
58779617061
56722013032
59924646039
56267245031
57407532031
56074138049
58434501064
56837700036
58503285037
60966652034
57115702033
57166528055
61414854032
57026128039
58823790039
59634685038
58531700031
57810306031
56602408039
59740163037
57601386036
57522826037
58897825042
59033457047
60545685034
60372501031
61284954045
60784757049
57304697036
56524232061
61478962051
56219879036
56932481045
57284466055
59992853053
61852084035
58076547037
61299313039
56514336054
57034718037
56455233039
61645990035
61636222034
59634928032
58339178042
61722784038
58940621042
60327043030
56850019041
60499264042
58484260041
59325439059
61292460035
59253194056
60022480032
58259432031
61676070053
59142832031
60415654045
58257953053
61912813043
60509537056
57233637038
57134072053
57915898031
59862491034
58324470040
57332555032
56174239044
60933726036
59473578047
61388363051
61082168038
59071502035
57263224038
58235019043
60007702038
56669050047
60600916043
58399601032
58835447032
60700788037
57673494072
59961886035
58730725037
59252101045
59933155055
56345275034
59091916033
58430708036
58377079045
61885503035
58243544032
58440190043
59463194078
58961592031
61975417054
57264555042
58550474039
60991066036
58714058033
59922768033
57249082039
57378463034
56043949039
57888966039
60941813040
56879413035
59648054056
61794445054
61694824044
59257595035
59420601033
58784792065
56315600039
60701588030
61963149040
60548447036
61628245035
61291265039
58327844035
58674796036
59785225030
56934904044
57126551031
61768545046
61312242033
59822909034
60175562040
56070244031
59303868048
61309492039
59082350051
61607869045
59492606043
56225576030
59061740033
60448601039
59475534030
57522101076
60889810032
61176709036
58789862038
58279819035
56203329030
56464300035
56295049058
56225679032
61548906039
60787580042
57387019041
56691818031
59973377031
59100141037
61164986042
61074781038
57321335032
58988379032
58678222039
56433789052
56549821039
58974682050
59259339036
58551236049
60388675035
60574197034
58098670031
59091746034
61353338039
61662071032
61260241060
58928448046
59917502041
58099555033
59698611086
58159364052
61997203052
59067025033
56340185048
57078242043
61987722038
61492727035
56254189051
56025748037
57754315030
60149803058
57971703034
61839082037
58448746044
57610848034
61446248047
59614484030
58925794046
58935423032
57341479059
56938955034
61312031048
58863775049
59769012032
58159364045
61528012030
59090100043
59482019041
58294244037
61218792032
58353069044
61480747037
57467758047
58327602060
59157983034
57393542036
61431716032
57655815039
56975955038
59268655059
59313124036
57085635031
57362956035
59345765038
57509179038
60876171042
56065876037
56991527035
56194170047
56040841031
58454526033
60146628037
61119620035
61359292032
56864171044
58926923032
61816335036
61387664038
57352290064
56578080036
58896307034
60957930050
59673077030
59967194046
58121689057
57473915037
61284885041
56800995035
58898249051
61317841037
58433328030
56232262038
56158314052
58988985044
61373077047
58585536034
60447934050
56723050033
57359639032
58009006036
57888464035
58921645051
56969250073
61817278045
58825891033
57530110036
59598304030
57934948031
60612798058
60444364038
58920733064
58372709042
56522746039
60082174046
57957931039
58599894031
58637885033
57839013030
58934441035
58772936047
61164230037
61704605060
60315341032
58763874041
56491596035
58533068049
60408820058
61476787039
57234013049
58093693038
58722754078
57192534036
58062480037
59729760035
59032983035
61081757039
56640321038
59574553030
56146615032
61052136031
58981623030
61058322031
57941184034
60891792038
58815523034
58600852044
61171810037
61356417038
56285616064
58758083038
58062119049
57086794035
59432009035
56767084054
59960685032
59906393030
61055386047
57672124035
58071493039
61474213046
61789737036
61980347031
57992183042
60287476030
56319865042
57651489128
59618346045
56005177041
56156594044
58871809038
58406875033
57976508032
56930262058
61636890038
57354576049
60749580031
56604196038
58978213035
57191521042
61367950035
60821583036
59253732087
58602321030
57671816037
61788184040
56009557032
56942007038
58270985041
57923787051
58345511053
60604168062
56511748038
58938037037
56151713037
58205294048
56373021045
59316627035
56419449069
58647781057
60680748043
56343832034
57894000047
58660042031
61797562053
58161913060
60161933056
59233146036
60906942081
57691645127
61511017087
56317815064
61567537046
59449906058
60664278033
61122003039
57278756057
59911098061
56164376061
61035675030
57684864032
58932728037
61101808044
60769863044
59719257034
59197061031
60043182054
61594553040
61497380046
56449627056
58652519038
56877851046
60856535034
58264607031
59993933045
57968451043
56270586033
59834944045
61074098037
56326151048
61787399037
60257539049
56723531057
57911760094
58193189044
57490620032
56051448031
60048684054
58122663051
58212330058
58998915031
60057973042
58308324049
60680752037
60336142039
57479904035
57073032043
61365110038
59827433030
61327120034
61528624040
56528552035
59269669067
60067460030
58877058036
56285956072
58040437042
59876024052
61837581055
57096021031
59733125050
56186465058
60988725032
60858736036
57074790037
59143227033
59833263041
56905160030
57015552041
56774642035
61280893049
60919277038
61651508044
60791130065
61450975048
58082725031
57987851041
59582737062
59107571038
60226936037
57956591040
58023031036
56008704098
56010756045
61476805047
61934767045
60181900036
60361083033
61842418053
58567762053
57264702032
59614487041
57954133035
60532612033
61788184057
57142341037
61535139057
57228744047
58322361050
59361539051
61794695039
59063301032
61705985057
59188578035
60597098037
56730469051
60125795039
57669864031
57871466039
58579412044
61773683030
59794278038
61501087066
60113538052
57235527054
58141041032
57243604077
61315053031
60806324034
60578731044
59555272030
56681205033
59375382043
57431372040
61686161033
57884177037
57094361033
60564198034
57202671034
56741010035
56356512044
59063438107
57210727067
58576838035
59373511031
59464151036
61311341034
59290696048
61385262033
59356530032
61509509038
60078249034
58910714033
61561381037
56247765041
60865321038
61415628039
58800641031
61525209035
61167949062
58090631049
60711280040
56904392030
59555232034
56907185043
58738397037
56620005031
57232579033
61714533039
57894687041
60556150035
60042374033
60981992035
61791835034
58293156034
58314484035
61155810037
56627358037
59389339039
60214176034
61601087032
57077937056
60202378030
58044994030
56043693041
59732376043
56701304055
59922658036
58611343033
57684141043
59593526041
60179520036
56140088053
57951027040
61814098040
58715050039
58090215033
56632365035
58652586037
56024452078
61005007032
59728734049
58617321033
59146881059
59816630034
57943544045
60299306035
56572649042
57531203038
61421979038
58339121034
57242072037
60801037037
59497859035
60342615036
57090794039
56133207041
56659868051
61795950037
56200595047
58477083038
57889169047
61212562043
57355998036
59582480036
61755346036
59735694053
58654318033
60610505034
56507085031
56606387049
57283224034
57489369039
58001223050
59325373035
56455152049
58970177063
59521495038
57364025052
57393569047
61545079053
60941241051
61883432039
56398704039
59512195050
56560624049
58320946035
61791385030
59920091032
61435792039
61170096059
61416800033
56426773030
59179139052
57297945046
59600526034
61890648031
58032749040
58749299032
60190486035
56153363039
56346722059
61963400054
61184917050
61036342044
59370351035
61813007034
58668150034
57104346032
60048439046
60870982030
58612780035
59437667035
58575081041
58155811031
59337549036
61707339071
56524963046
59071658035
60758878037
57795310065
58969971039
57662352034
60684734031
60430879031
59081155048
60719528036
59687522054
58711323034
56282489069
61471893030
58586116042
57277318032
59318926039
57463856035
59812122044
57032099059
56480696093
59098067038
56280149046
57927217030
57568547042
58143746042
57214507036
56362898064
59713084038
60507930048
60056194038
58342370032
61289583039
57394499053
56168556049
56152298046
60387915044
57983538030
60576498034
57696245030
61273350080
59638966038
57286668039
60944450030
58875155065
58905275040
61748271036
57138026048
56478469032
58877561047
57270115047
58820859043
60290199033
61988584031
57862413032
60982936031
60219970050
59639627043
60363422049
57283917033
57207686037
60608777041
57351360041
59309908046
60703634030
57892382033
60680426038
61058465038
60019666031
59308934035
58854407032
60049347032
60973320054
58470060041
59001345034
59834564033
57770628051
61029921036
56249099043
56762911038
57751068038
56883917054
59098558044
57471164034
56856820038
57914144031
59669865042
60287877039
58104931039
59909599047
61640451041
60736203035
58384451039
61246356065
57760569034
57135704035
56270987066
61042786036
57861128060
57935421038
57981491042
56065574038
59827878051
57738945043
61197401035
56388192047
61902613031
56667893034
56089128043
56158879047
61545162032
59618428041
58876442033
56810308039
59624238053
60277427050
58910652050
58360605079
57257759064
61273103059
59338044037
57474041031
61858502030
60931002034
56723965065
59658724036
57204610030
60980130041
57497231031
57753367032
58000831036
56125970051
60026477034
58501607042
60134356047
59892406051
59645865058
58246233039
60635833031
58657423038
56110161039
59848322030
60159069053
57984288031
60097177034
58843422043
60833682040
61256542075
56908327057
61936586062
59777021041
59340241035
56582127039
60324389030
59908009048
56370663047
56832812034
58807287036
59948994043
61707222046
58293143040
56718218033
57984155032
58086389032
60121190045
61016352047
61417037031
60453247033
58021848043
59992682056
59417913037
58099971057
59940972039
61882230038
60511544033
56378379042
60442080032
57085451033
59739642033
61171284043
57676568054
58109535033
58884729041
57236936031
61846138053
59435964046
58055794030
61414297034
59854453034
59694377039
60428834055
58444758035
57149502037
57326436033
57217619044
57232234035
57043739032
61093861035
56616970057
58811410038
58176913030
57941278059
56366264040
58902024052
61392224034
60990029035
57764005043
58665101030
60302789037
59267045039
59075444036
61156207068
57184819031
57141435038
60890811060
57975267036
61919714061
56087143036
60395483035
60915678031
60207628033
56332194065
56560366039
56171905035
60020921037
60227384070
58324513039
59612891046
61940689043
56827717040
61742630104
58262378031
58951360043
61794795037
60976774059
59751401037
60759696057
57837978036
60632315057
59687637035
57878812052
58514177058
61938427067
56027525037
56682699044
60111555058
59068149030
58646521033
57908331040
59597891037
61613777067
56874731035
57682510033
58579591045
57159875034
59761336033
57498754031
58551547031
59218225045
56032074047
57228602039
56340886033
61317992038
57930905043
60872439039
61392223044
57003984032
57949899039
58586851044
57798463036
61817278037
59693524037
59808300034
56773699051
59233544073
58464665037
58637927041
56632305049
58347965034
57839863046
56026496057
58137967034
58514200033
56097394033
59024335038
61815116031
58014304079
59673008043
56042973030
61326723036
56545171033
60248667057
57076136031
58570884043
60771414059
57625340043
59967015035
58463068035
61966104075
61127196036
60731381034
60883518037
58076783038
61786451037
56643123043
58988628032
57429984038
61006599052
61503907030
59816978037
58293986042
61471562031
59156061063
59149762033
60462846056
58853203036
61731621049
58311331064
60359684057
57830748048
61846999033
58697748030
60064757032
59510857032
58289401030
59138747037
59480398058
61785505056
56554424042
61772574057
59006381034
57536432061
57462235058
57006713040
58544610045
57799522053
61875890038
61411551037
57888758063
57136045040
58279235034
57095743031
60558115036
61240647030
61577864034
61249956044
61941556043
58982368056
58350647032
60011123031
56167553047
56175753043
58135894032
56195993033
59806349033
58669199048
60719922064
61453274035
57630484075
57844989034
56016960039
56358758058
60955680079
59990161038
59061945046
58355370044
56631622048
57494317031
56731060032
58504942032
59096508033
58565809039
57281503033
56721835047
57585274042
56454750041
56070554033
61057341032
57258117031
61791666033
56148999046
57652806064
58800509030
59579366057
60936691039
59909598031
56315958049
61815596034
58850659032
61033306034
59608221034
58815132042
58163996048
57836605036
57485108043
56027853066
60306008038
61898302037
60852282045
56258753050
56917867044
58896668039
58273061030
59638120040
56860212073
59837080045
56593186032
61879235040
58746010036
59141581035
56235860051
60184185031
60985437037
60130959042
57433590037
61452624032
57264718095
61061564033
61689464061
57855467045
56396062059
58967711031
58283423030
56464739034
58822786038
59160031045
57460663038
58800819041
61631009030
60368600037
61600332066
56714685045
59225931049
61565387063
57533582033
56352400061
58749493031
56125129039
59215545049
59764735033
56766947038
56741838039
58797495037
61385787039
59935132037
56523645032
58438242038
60829997030
58525900035
61904151030
60971792031
60409358041
56564395034
59246169033
57298930039
59470545049
57547193033
59554749038
59605699034
61070820038
56888982046
60584898035
60790871032
60467298030
61306829035
61900168038
58970707034
60837494038
61298689066
61336927031
57808986042
58290874050
57850547031
56540284054
61299735033
61532794037
57979904071
59992888034
57622752042
59737903031
56146951056
60773177035
58213407053
57537040046
59508633031
60206035040
56069672077
61132704030
56060379037
59374001040
58637559042
58628784062
58669403044
56465573051
56491232045
61152112031
61281184042
58842046033
56164345033
61125521037
59965806047
57779107032
57779608039
58984818033
58882789047
57894536032
58857953057
60590023032
58320736030
56261128043
59973566039
60975537044
57240255030
60991728031
60003161049
61046996045
58031328036
56324177060
56038872048
59889634046
59376262038
60950810036
57453576049
57425981038
61205953035
56340103108
60775667058
58565280041
56073916064
56467388037
61174245066
59121844064
61522487030
59910447038
57086810047
61195549066
58692579034
61207147081
61574509046
61486512054
59850006034
61168653069
61936595030
61243836044
61608360036
60225636034
59734765037
58712462039
59871265064
59659697041
57412874030
59365028036
58601795044
56655692034
59338581038
58393757038
58485148039
60512473042
56880596034
57928482047
61604071041
61296662032
59959720048
58362409074
57026577037
58343718049
59787580036
57759723030
59131901037
61461316067
61415952041
59803257049
59683392064
56639109048
60725989073
59910214032
61882935032
60982147035
60463096032
59939812030
57822715039
59038501039
60621779032
59397566045
58493422046
60792018046
57429295039
59268382068
56773832033
61913355036
58589659055
61979819032
57771901036
59134898032
58842913059
60344484035
56123135038
57287983031
56871046049
59404601033
60320015035
56332637147
58476734037
58571767031
57081551067
57181913035
57711916052
60032366049
58230963039
60853162071
58386121036
59063216032
59043215039
56980785040
59490852060
60039404033
60084279058
58747095036
58189633039
56727459032
58558137034
57362271039
57371803046
61827338037
57060504038
58468978030
56605859071
56018863033
56429548041
57343721037
58897436030
61694606037
61421005040
61743041038
58677717039
56628137059
58850769039
56989217037
59554625048
60835784034
60993348036
58441451048
58300004045
57779165030
59035026030
59919929044
56109266047
60156930034
57534542044
60542431036
57329166041
57009349040
57475865032
60078709037
59317176032
60788712040
60777367038
59961850064
59947531044
58588027056
59149353031
62000313011
62002418016
62001372016
62001405014
62001415013
62001815014
62002719017
62001922018
62001558010
62002733018
62002049019
62002067011
62000712014
62002296016
62001296017
62003357015
62003381015
62004796013
62002808018
62002855019
62002858013
62003538010
62003559016
62002956015
62003588015
62003714017
62003716012
62004340010
62003777014
62005335019
62005379017
62005406018
62004496010
62003265010
62006186015
62007828011
62008860013
62007947019
62008373017
62007189018
62007350016
62007358019
62011357015
62010917017
62010232011
62015109016
62015330018
62015373018
62016258010
62015544014
62015674019
62015711019
62013089012
62014849018
62013982018
62015071018
62017034014
62018477014
62017134012
62017211018
62016423010
62016427011
62017933017
62017421013
62018063012
62016761013
62016794014
62017557014
62018107017
62017613015
62018185013
62018187019
62018997011
62016957017
62019056015
62020866014
62019742010
62019985015
62021398017
62021420019
62021438011
62022238014
62021607011
62020625014
62021671017
62020313017
62021871013
62020405011
62022860015
62022355016
62023186014
62022459016
62022538017
62023951011
62023955012
62024196012
62031605013
62028803019
62031723014
62028864011
62031868017
62031944016
62030958017
62028258016
62029108012
62029124019
62029658016
62029194012
62031147016
62031222017
62029820012
62029971013
62031528017
62030003012
62027316013
62026633012
62025434016
62027604012
62026761011
62026793014
62026831012
62026948014
62026963013
62026965018
62026408019
62027953013
62027040019
62038341018
62037613011
62038397010
62038398018
62038412017
62038416018
62037341019
62037431018
62037762016
62038488017
62036284012
62038517013
62038540015
62036345011
62038572018
62036388011
62036405013
62036868012
62037935018
62035891015
62037986011
62036539019
62038113011
62035969019
62038210015
62038264012
62033123015
62035594015
62035609011
62034907010
62033176013
62034997011
62034218012
62032419018
62033466018
62035184015
62032444016
62032452019
62035352018
62033606019
62035381017
62034539011
62035518014
62033000015
62033054012
62042620019
62042723011
62042726014
62042738019
62042948014
62043561014
62041814019
62041816014
62041894011
62043037015
62043651013
62043047014
62043679014
62041405016
62041419017
62041952017
62041963014
62041966017
62043723010
62042014015
62042327011
62041472016
62042056016
62042346011
62042069019
62042084018
62043201017
62042358016
62042422010
62043300017
62042516019
62042190013
62042584017
62042614012
62039963018
62041248010
62041291010
62039389016
62038747016
62038794018
62039547019
62040839017
62039622010
62040252013
62040271013
62040278018
62039657016
62040950012
62040311017
62039109018
62041095015
62041139011
62041143013
62041159019
62040451011
62039237017
62039256017
62039261017
62039882010
62047411018
62047413014
62047421017
62048034017
62048731018
62046767014
62046860017
62047915018
62048836015
62047449018
62047080011
62047117011
62047134016
62047476011
62047136011
62048406017
62048468017
62047280017
62048503011
62046547010
62046587016
62047328014
62046658015
62047385014
62046163016
62045325012
62045326010
62044252019
62046199010
62045516016
62046243016
62043771019
62044332019
62046270019
62045562010
62044402010
62044411011
62044448013
62043893011
62043932017
62044504013
62045778012
62045004013
62045072010
62045093016
62045095011
62044680011
62045983018
62045214018
62044166011
62053637019
62052750011
62054726019
62054153016
62052270010
62052905011
62052949019
62052995012
62054348012
62054374018
62053405011
62053420010
62053094013
62052533011
62053520017
62053561011
62051351019
62051556013
62051562011
62050000013
62049311018
62051722011
62050125018
62050153010
62051855019
62050272018
62060289010
62060306012
62059378014
62058376019
62059421012
62059693016
62059718011
62059724019
62060445018
62060461015
62058670015
62060094014
62058200011
62059181012
62058213014
62058908019
62057620011
62055471011
62054904012
62054905019
62055584011
62054928011
62055706010
62057138014
62057241016
62055044016
62055843011
62057307015
62056490010
62056504018
62056560010
62055228015
62055243014
62057488013
62057497014
62056086016
62056110014
62056632017
62055333013
62056121011
62057560019
62064895010
62063716019
62064946011
62063719013
62064951011
62065109015
62066529013
62063907014
62064333012
62063981019
62063410019
62064078013
62064472018
62063473017
62064509017
62064153014
62062419011
62062431016
62063133017
62063186015
62060540016
62062538018
62062633017
62061293011
62061344012
62060830011
62062941014
62060886013
62061590010
62070907015
62071745018
62070689019
62071823013
62071032011
62071075010
62071188011
62071230011
62070127010
62071260018
62071351015
62070288010
62069892012
62069394019
62071581017
62071583013
62070527011
62068376017
62069012017
62067175014
62067181012
62069099014
62067295010
62067780011
62066728011
62067834016
62067847018
62067874012
62067902011
62067918017
62066809019
62067443016
62068706015
62067487013
62068775010
62068004015
62067584017
62068850011
62067663019
62077266019
62077342018
62078147010
62075973012
62077405013
62077414015
62077240014
62076107016
62076133012
62078422017
62075593018
62076225016
62076675012
62076287016
62075767018
62075779013
62076479019
62075312013
62074542016
62075321014
62073008019
62075371019
62075407011
62072169010
62075451019
62075474011
62073215010
62074777018
62072404011
62074799012
62074875010
62072557016
62073399012
62073405017
62074155017
62072630011
62073585016
62075057014
62072740018
62073616019
62072753011
62072805019
62072890011
62073727014
62082956018
62082126018
62082131018
62084579016
62083519013
62082231016
62082265014
62082321015
62084775010
62084035019
62084828017
62084885017
62081735017
62081791010
62084197017
62082734019
62082818010
62083300018
62082012010
62084462015
62084467014
62079854010
62080568013
62080624014
62079169013
62080654011
62078472012
62080756014
62080767011
62079940017
62080840016
62078644016
62080005016
62080043017
62079472011
62080118017
62080129014
62079521015
62081078012
62078818016
62078842016
62080271014
62081214013
62078995012
62079765018
62080380013
62079056012
62079820011
62079843013
62089186015
62089199018
62089216010
62090647013
62089755017
62089803015
62090043015
62090806015
62090912011
62087975013
62088008012
62088747015
62089229013
62088080011
62089335018
62090473014
62088285016
62089049015
62089537019
62088340019
62089133017
62090604014
62089660019
62089662015
62089696013
62087723017
62086837016
62085603013
62086980014
62086989015
62086883010
62086916018
62085651012
62087019010
62084960018
62085813018
62086448012
62086475015
62085909014
62085937015
62086616014
62087557019
62087595019
62086683014
62087597015
62086179013
62086754013
62087717019
62085560015
62094754013
62095555013
62095623019
62095773012
62093430011
62093433015
62095165011
62095181018
62095240012
62095252017
62095339012
62094614019
62094248016
62093759013
62095478018
62092099015
62091493011
62091529012
62092740014
62091605010
62093380018
62091057014
62091695011
62092895016
62092918016
62091118014
62091122016
62091201018
62091933016
62093096010
62091321014
62092474010
62091402012
62091405015
62091408019
62099140010
62099165017
62099724011
62100455019
62098605013
62100552013
62099714012
62099921013
62098259019
62099971018
62098884014
62100025010
62099256014
62098355015
62098370014
62098412014
62099470011
62098056019
62097487017
62097493015
62096408014
62097446013
62097565010
62098162015
62096458019
62097595017
62096991019
62095952012
62096552019
62097673012
62097052019
62095982019
62096009010
62096055013
62096748013
62097879015
62096202011
62096892019
62097995019
62104755018
62105072017
62104236019
62106405018
62103750010
62105857011
62104549015
62103923013
62106018019
62102848013
62100928015
62100929013
62102390016
62101053011
62101123012
62102556012
62101931018
62101188015
62101193015
62101224018
62101238018
62101275010
62111089013
62111151011
62111176018
62111752016
62110219017
62111287013
62108224011
62109170015
62109176012
62106521012
62108565017
62107220010
62106706019
62107369015
62107383016
62107389013
62106852011
62107564011
62115522019
62115348019
62116081015
62114954015
62114690015
62114774017
62114265016
62114308014
62114874015
62114881010
62112264011
62112273012
62113929018
62112335019
62114005016
62111873010
62112879016
62111948010
62111972010
62112570011
62112232018
62119464010
62120538018
62119890016
62120143017
62119959019
62120195017
62118491014
62119061014
62119119010
62119146013
62118682018
62116198017
62117930012
62116326014
62116350014
62116947017
62117009015
62116476017
62118187018
62117470019
62116506011
62117127015
62123642015
62123146017
62123946010
62123221018
62124733011
62123300010
62123328011
62122866011
62122973015
62123785012
62124503018
62123088011
62123095016
62121187013
62122740018
62122755016
62121320010
62121813014
62120925017
62121024018
62122090018
62129529018
62128855018
62127917017
62127926018
62128472012
62127450019
62128141013
62128370018
62128646011
62125320016
62125322012
62126081013
62126726013
62126913017
62126974019
62126977012
62126362017
62125969010
62133009015
62133214011
62133859013
62131753010
62132277019
62131872018
62131894012
62131079010
62131052017
62131674018
62131195014
62129789018
62129870016
62131394013
62131485019
62130955012
62130970011
62137842015
62137247017
62136519010
62136546013
62136569015
62137558017
62136732019
62137676017
62137707010
62137082018
62135973010
62134574017
62134613013
62135757017
62141583019
62141925012
62140143013
62141981015
62142039011
62141240016
62142112016
62141007019
62138464017
62138523010
62138072018
62139577015
62138612011
62138155011
62139055012
62139074013
62138235011
62138292012
62139212019
62139899013
62138367012
62146113010
62145333015
62146545013
62146255019
62146561010
62144935018
62146610015
62145527012
62144992019
62146654013
62145614018
62145025017
62146709015
62145086019
62145702011
62145714016
62145772014
62144727019
62143137012
62144263015
62142528013
62142609011
62143279012
62144341019
62143750012
62144377013
62144421019
62144470016
62143475016
62143516017
62144535016
62151845019
62151995012
62150115018
62151492010
62150368013
62150379010
62150421010
62150477012
62150490015
62149615011
62150846018
62149196012
62148639012
62147782011
62149281012
62147119016
62147877019
62147191015
62148345016
62147264010
62147305011
62148011014
62149011013
62147355016
62148048016
62147399014
62148097013
62148133016
62155013010
62156791010
62155130012
62156341014
62156352011
62155507011
62155589019
62154610014
62154740019
62155731017
62152919011
62152444010
62153013012
62153037011
62153145012
62160514010
62161130014
62159796016
62159931019
62160874018
62160299018
62160308017
62160361016
62160993016
62160413015
62159203013
62157142015
62158930012
62158937017
62157295011
62158317012
62157921012
62164271013
62164130011
62164922011
62163446012
62163069012
62163482017
62163745017
62163104017
62163527019
62163767011
62163842012
62163205012
62164630010
62164690014
62161625013
62161674011
62163011014
62161274010
62161758012
62161782012
62162141010
62162756015
62162231019
62162773010
62162324012
62162331017
62161599010
62162022012
62169390016
62169527013
62169085012
62167998018
62168002018
62167572011
62168110019
62168415012
62166438016
62165541018
62166610010
62167285010
62166642013
62165179017
62166908018
62165859014
62165438017
62173479011
62172461010
62174063012
62171899012
62169811011
62169880016
62169906019
62177707011
62177736010
62177758014
62176861017
62176410013
62176919013
62178047011
62175762018
62175882014
62174228011
62181937018
62181487014
62183295019
62183307012
62181013018
62181056017
62181087012
62181682010
62181748019
62181763018
62182100012
62181825015
62182979019
62181292018
62181840014
62180136018
62180101012
62180203016
62178569014
62180959013
62180984011
62180329019
62180363018
62179403015
62179887019
62180642015
62179948019
62178898017
62179996018
62178969016
62187039017
62187627019
62187659012
62187687013
62187157017
62186201014
62186239014
62186261018
62186584013
62186601015
62186325011
62186389017
62185955016
62184990014
62185047012
62183421011
62184040018
62185096019
62184102016
62184125017
62184577019
62184604011
62184331011
62184350011
62184812010
62183841010
62191392014
62190415014
62190079018
62190992012
62191666011
62188303016
62189469014
62188455014
62188482018
62188919019
62188599019
62189029016
62188088013
62188208017
62188209015
62189839018
62189205012
62188259010
62194627010
62195529017
62194659013
62195573015
62195409012
62194671018
62196163014
62194851016
62195846015
62195197013
62194480014
62194495012
62194535015
62195324013
62193154016
62193157019
62193929011
62192417018
62192433015
62192452015
62192471015
62193431018
62192544019
62192550016
62200074017
62199597010
62200204010
62199466018
62199495017
62200442016
62198220010
62198299014
62199805017
62199826013
62198858017
62197137017
62198032019
62197540012
62197633015
62196794016
62197804012
62197299015
62197839018
62197319011
62197938018
62206712016
62206726016
62206762011
62206784015
62207008018
62204993014
62205038017
62204171017
62203741018
62201178015
62203870015
62202877011
62203124017
62202259012
62200750012
62201634017
62202514010
62200922017
62201920010
62202708018
62201057011
62210163016
62211154014
62211184011
62211741018
62211071010
62211811019
62211832015
62210697013
62210438012
62210009011
62210807018
62210813016
62210896011
62208794012
62209664016
62207694015
62207021011
62207743010
62207206018
62207288016
62209308010
62207415015
62208023016
62208031019
62208555017
62209571013
62214817013
62215339017
62215455011
62215476017
62214571016
62214581015
62215635018
62215658010
62215013018
62215019015
62215736014
62215749017
62213241017
62211888017
62211900010
62213438019
62213526011
62212530014
62212126011
62212670018
62212827014
62218531016
62220010017
62219392012
62219589013
62219615016
62218654016
62219656010
62220161018
62219499015
62218700017
62219680010
62219804016
62218963011
62217536016
62217511019
62217656012
62216739017
62216246013
62216804019
62217243019
62216353017
62216909016
62216437018
62217989017
62217998018
62217012018
62216512018
62223545019
62223429016
62224133013
62222832012
62222359016
62222431013
62223047016
62222170017
62221717016
62222229011
62222251015
62221244011
62220368019
62221291012
62221407014
62220534016
62221067016
62222146017
62221530013
62228915019
62228925018
62228956013
62228322018
62227604010
62229135013
62227108012
62227180011
62228125015
62228825010
62228195018
62227307010
62226149017
62226934012
62224972014
62225546015
62226386015
62225211016
62224796017
62224800017
62233371018
62234257018
62233438015
62234382014
62232732012
62232235016
62232936019
62231889011
62232009015
62229229014
62230455012
62231635018
62230012011
62231650017
62229525015
62230049013
62230693018
62230777019
62230219012
62237500018
62237522012
62238745018
62238599019
62238826016
62239419019
62238632018
62237806019
62237291014
62237966011
62239191014
62238375014
62234969018
62236238016
62236273013
62236964017
62236447013
62235204019
62235768013
62235799018
62234738017
62236716011
62236748014
62234878011
62236074015
62241969019
62242004014
62243508013
62242018014
62243532013
62243556012
62243568017
62242089015
62242958011
62241615018
62243186018
62242517015
62241680012
62242313019
62242644017
62242324016
62243319015
62243330012
62242413017
62242431019
62239524016
62239638014
62241190012
62241200019
62241228010
62241256011
62240656013
62240671012
62240370011
62241395017
62246376012
62247497015
62246807016
62247547017
62246130013
62247035013
62245250010
62245178013
62245865015
62245355017
62244952012
62244963019
62250553019
62251558017
62250676018
62252344011
62251636011
62252456013
62251176018
62250348014
62251281016
62250441017
62251382012
62251412017
62250092018
62248977015
62248078012
62249617016
62249057015
62255520013
62256048014
62256721016
62254744010
62254804012
62254808013
62254820018
62255773018
62255786010
62254622018
62253666016
62252779018
62252876012
62252885013
62253829010
62253847012
62253457010
62259631014
62260418013
62260593013
62261104018
62261189019
62260897018
62258936018
62258332010
62257218012
62257337010
62265385019
62265572012
62264036019
62265345013
62264348018
62264353018
62264956018
62263747012
62263266013
62262704014
62262782010
62263347011
62262844018
62262877018
62262304013
62262318013
62262035013
62262101013
62262108018
62263201010
62270342013
62271526010
62269732018
62271669018
62271745016
62271200012
62269528010
62269633018
62270248012
62270267012
62268655012
62267251011
62269198012
62267313019
62268755010
62266612015
62266776018
62266820014
62269097016
62267129019
62275437016
62276234016
62274627013
62274633011
62276349012
62276353014
62275841019
62276406010
62275881015
62274904016
62274383013
62275331011
62276141013
62272894011
62273530010
62274106018
62271850014
62271858017
62272957016
62272541018
62272982014
62273703013
62273736013
62273073011
62272023017
62272748019
62272764016
62273329017
62279885012
62280931011
62280203015
62279517011
62279034017
62279079012
62279157016
62280811015
62280907011
62277642019
62278775016
62276996010
62276521016
62277655011
62277672016
62276627011
62277848012
62276796014
62276843014
62277514010
62284060015
62285663015
62283573018
62285107013
62285683013
62285144016
62284322019
62283838015
62282827019
62283449011
62281762019
62283497010
62281205019
62281272019
62283102016
62281417010
62281976015
62283230015
62282091012
62282680012
62282731013
62282746011
62288186014
62289636017
62288982016
62288404011
62289338010
62288743012
62287934018
62288049014
62286205014
62285775017
62286303017
62286343013
62287282012
62286366014
62293031015
62293046013
62293066011
62293816019
62292345010
62293336018
62293448011
62290739016
62291757017
62291778013
62291878011
62291444012
62291472013
62289925014
62290470018
62289979011
62291593016
62297081016
62296546019
62297738011
62296674019
62297769016
62296693019
62296267012
62296326016
62295405019
62295498014
62295440016
62293985012
62294340019
62295320010
62302755018
62302087016
62302884016
62302453010
62300688013
62302498015
62302552019
62301909012
62302643016
62300093016
62300141013
62298578010
62299607016
62299069019
62299700019
62299737011
62299757019
62298861010
62306750015
62306124013
62306823010
62306848017
62306398013
62306902012
62306916012
62305043016
62305224012
62306621018
62305269017
62305770014
62305794014
62304433010
62304940014
62305013019
62304539014
62303636019
62304014018
62303128017
62304173012
62303790014
62303791012
62303334011
62303848010
62309281018
62309431019
62309509012
62309775019
62309116016
62309207013
62309649016
62308570015
62308625017
62308061015
62308648019
62307742011
62307755013
62308190012
62307923017
62315737011
62314753019
62313029015
62314846011
62313881019
62315538013
62315544011
62315548012
62311426015
62312053016
62312825017
62314027018
62312856012
62314030012
62337604017
62342572019
62337027011
62337745018
62337075010
62337835017
62339127017
62339701019
62342724016
62334423015
62339766012
62340383013
62342148018
62342746019
62335099012
62340424015
62337199018
62333932016
62337981019
62333936017
62335981011
62333991012
62340612015
62337437012
62342419013
62336231010
62338895010
62333517015
62334236011
62337572016
62347611010
62348709011
62351747015
62351788019
62347674018
62352557017
62350695017
62351306010
62351328014
62352659011
62353163013
62346112010
62346773019
62348947017
62344172016
62347323012
62348995016
62350239014
62349675013
62343672016
62348574019
62349708012
62351055013
62351678012
62345149013
62346428010
62347487015
62348631017
62344834011
62349806014
62351721010
62330197019
62324758016
62331426011
62324792015
62331993010
62333184014
62327011017
62327562019
62331527016
62331538013
62328199019
62329849018
62331637013
62325005011
62329949016
62332787015
62330560018
62331167011
62332821012
62328389016
62327828014
62329540013
62330051018
62325737019
62329593012
62326838014
62320461011
62320483015
62324360011
62322609013
62320045012
62319500019
62316159017
62322202017
62323576013
62322734019
62323931010
62315772018
62324032016
62324058011
62319199010
62320815018
62321958015
62321963015
62322499019
62316596010
62381004015
62381639018
62373739016
62374347017
62373775010
62374931018
62376006017
62378249011
62379325018
62378270017
62382527014
62382531016
62378883017
62379968015
62374512016
62380632014
62376700015
62380670014
62374055016
62381434014
62377368010
62380764015
62382085013
62376831018
62381501010
62382135016
62382138010
62374145015
62375749013
62376335010
62375287014
62379701010
62373616016
62383527013
62387305010
62386324012
62386337014
62388376010
62385401019
62386426015
62388506012
62387967017
62391126014
62384881013
62386008011
62386545012
62388573012
62384944019
62385549015
62386586016
62387068014
62382651012
62385594011
62386107011
62383280019
62390897011
62386652016
62383344013
62387660018
62382802011
62390954010
62388185015
62382834014
62389391018
62384080012
62389429016
62367445018
62367935018
62367938012
62371607017
62372066015
62365690011
62365715016
62366928014
62368743015
62369344011
62369897018
62368028011
62371060019
62371653011
62371671013
62372142014
62368786014
62371148012
62364612016
62372515011
62373181011
62366517015
62372292017
62371791019
62367192016
62372908018
62367229016
62367755010
62365162011
62366687016
62369114018
62365517016
62366744015
62370283018
62371428018
62371951019
62369742016
62368562019
62369210014
62370932010
62372016010
62372029013
62355181013
62356529012
62358039010
62361351014
62356596011
62355973013
62362663011
62360352013
62360886010
62356048013
62356718011
62356746012
62364027017
62363861010
62356115010
62360440016
62355546017
62356867016
62361608017
62353452010
62359882012
62356946018
62357725015
62355685013
62358455018
62353551019
62353556018
62354511012
62353566017
62354180016
62354545010
62357895016
62359347016
62360057018
62361772011
62355782018
62357159017
62357937016
62361804012
62354697019
62357182019
62359462013
62359491012
62361828011
62362534014
62419109018
62413601010
62414206017
62417173016
62417702012
62417249014
62418691016
62419681016
62416286017
62419267014
62412769016
62413275013
62419280017
62419823014
62414915013
62416361018
62413321015
62417911019
62419883018
62413344017
62413370012
62414980017
62417421019
62417451016
62418900011
62419422015
62412923019
62415509013
62415051016
62415526017
62412514016
62415574017
62412547016
62414660015
62421451010
62423905013
62428885012
62420723013
62427146010
62427715012
62427729013
62427744012
62429035013
62423458013
62427753013
62426689010
62427243015
62428803015
62421893013
62424845010
62427294018
62429609015
62424891014
62424898019
62429210012
62429222017
62424256010
62421469012
62424270011
62426230013
62426825010
62429259019
62422542015
62425613011
62422065017
62424351019
62428052019
62422081014
62425124019
62427000019
62429502012
62425172018
62425805013
62427606013
62401692013
62412131019
62404209013
62407871017
62408738017
62402589010
62404273019
62407910013
62402646018
62403659010
62401113010
62412326015
62408920011
62410332015
62407415013
62412175016
62404547016
62406142014
62408291017
62409179013
62403125012
62403948017
62404033017
62410622019
62402304014
62404090017
62412075018
62405605011
62407807011
62394493015
62399770011
62400497018
62395799014
62400527012
62400544017
62395880012
62395888015
62397158011
62398376018
62399451018
62398406013
62391879018
62396605012
62397279015
62398446019
62398455010
62399009014
62400044018
62398480018
62396085017
62396098010
62399169016
62394457010
62396885010
62399221015
62392158016
62392457012
62394486019
62455772018
62449864012
62451799015
62452480011
62453077014
62455306015
62457059018
62454233012
62454234010
62454795010
62454826013
62456519012
62451326017
62454873015
62450040015
62450690017
62457750012
62453260016
62450198011
62450765017
62451503011
62453354017
62456138011
62453982015
62453412013
62452307016
62449738018
62450416017
62452907013
62448554010
62450451014
62462075017
62462651015
62458106016
62462122017
62464626015
62466355019
62459905010
62464164017
62465184014
62459398018
62462927019
62463019014
62458388010
62463822011
62457914014
62463856019
62461309011
62464390018
62459642019
62465510010
62461381010
62464941018
62458911019
62461431013
62461438018
62464961016
62444577015
62446472017
62446506012
62441736010
62444805010
62447104015
62444285015
62442475014
62447804010
62440717011
62441270010
62438998011
62439007010
62444395012
62439036019
62441989015
62445073014
62440872014
62445084011
62446844017
62439175015
62431331012
62431936018
62436444018
62437578012
62434910010
62438678019
62432548010
62433135015
62433705015
62436631010
62438025013
62438600013
62431595012
62432171011
62432174015
62433901010
62430453015
62432192017
62432778013
62430529012
62438366011
62433433014
62434114019
62434676017
62436986018
62493334011
62487310019
62488342011
62492813015
62491146011
62493457010
62486892017
62489545018
62491223018
62487485019
62492968017
62488010014
62489600011
62489613014
62485833012
62486454016
62486477017
62485863019
62490279011
62492541012
62493083014
62485420018
62486524016
62487034015
62488664018
62490412018
62487692010
62486116011
62489842019
62489888012
62491660011
62496243011
62496268018
62496847019
62502857010
62496282019
62497398012
62499616015
62495784015
62495820017
62498000013
62500653015
62502933019
62498061015
62502020015
62494724012
62502733013
62500269010
62496518016
62500835018
62495999019
62498217013
62498829015
62499838015
62500334012
62497160016
62498283015
62498289012
62498290010
62499869010
62500384017
62498324017
62501604017
62494975010
62495268019
62496716016
62500440017
62494450014
62503278018
62500485012
62495337012
62503284016
62501078014
62477932012
62477944017
62477046011
62484387010
62479369015
62480011010
62482447014
62482911019
62479426013
62480498019
62482968019
62484433012
62484434010
62485282012
62479436012
62481048011
62482993017
62484465014
62483019010
62482594013
62484570011
62478985019
62483099012
62477295014
62484871013
62480194014
62481186019
62482684012
62480258017
62481753016
62481765010
62482255011
62482256019
62483971012
62477411017
62478031012
62480802012
62481297014
62482780018
62482327018
62482328016
62482804016
62484041013
62483542011
62477897017
62472638010
62473966014
62475918013
62471992012
62475613010
62470234010
62470843018
62473346019
62474750011
62475978017
62476699018
62469147017
62470275013
62470866019
62473397012
62473468011
62474793011
62467518011
62475459018
62470387016
62474288012
62469914010
62468856014
62468095019
62469433011
62473072011
62468375015
62472478011
62476396011
62473857015
62476418013
62470701018
62471884011
62473215016
62522458013
62527088013
62529162014
62521468013
62522532015
62524756018
62528686013
62529220010
62522023015
62524208010
62528182013
62524789019
62525521015
62526165010
62528207018
62523660013
62524319015
62526182015
62522670013
62523705016
62524365018
62529340016
62522160015
62522685011
62524915010
62521152013
62523249015
62522223011
62523875017
62526929019
62521252011
62529546018
62523411011
62524628019
62538737012
62531620017
62532331010
62531158018
62532367014
62536524016
62530217013
62538309010
62536591015
62531231013
62534843012
62537278018
62537821015
62531320014
62530339015
62538793015
62538202017
62530406012
62534968017
62529914018
62535710012
62537503019
62529979011
62529981017
62536938018
62531537013
62532808017
62535800011
62535815019
62536996016
62530842018
62532294010
62537097012
62520869013
62515676019
62518082017
62518088014
62516903016
62519867010
62512583010
62516458011
62518186016
62518212010
62520965019
62517074015
62518246018
62517130015
62512222015
62520696010
62519560011
62520750015
62513327011
62514998018
62519601013
62512344017
62516173016
62519068015
62519080010
62519669010
62520813011
62504757010
62506846019
62506849013
62505027017
62506424015
62509319014
62509821019
62511487015
62506432018
62509342016
62505083010
62508446016
62504074010
62507503015
62505185013
62505222014
62507080014
62509535015
62511409019
62505234019
62507601017
62505299012
62506057013
62509584013
62504540010
62506690011
62510637016
62503722015
62505400016
62504897014
62505475018
62507734016
62509699019
62509708018
62503807014
62509255010
62566842015
62568055012
62568061010
62559757014
62560299014
62562493011
62559848011
62558176018
62559899014
62561459013
62563576012
62568309013
62559333014
62563602016
62559374018
62567428012
62567432014
62560023018
62560027019
62560531010
62562874012
62565434012
62567475013
62569473016
62562233011
62567538018
62561719010
62567821018
62568943019
62563171012
62560263010
62565003015
62566739013
62568015016
62572937015
62574458010
62576051011
62579630019
62570367017
62580215016
62576101014
62576112011
62574016016
62576171017
62577007012
62577076017
62580409015
62577133016
62579098019
62579833019
62574677015
62577196013
62571027016
62576483016
62576496018
62571047014
62574814014
62572737019
62571524012
62572107015
62577371012
62579371010
62574317018
62572847016
62574368011
62571291018
62579481017
62555721014
62557522014
62549222012
62549740013
62555165014
62549770010
62551325018
62552768018
62553962016
62557681018
62549827018
62549847016
62552112019
62549858013
62549883011
62551442011
62552173011
62554057014
62555999016
62557578016
62548718010
62548994017
62549447015
62552345015
62548488010
62549014013
62549019012
62550919019
62548509013
62549046015
62549502017
62548834015
62549065015
62548601018
62551138015
62548640016
62548936018
62549653018
62555715016
62548655014
62541867012
62541870016
62544116011
62546885019
62544639012
62546672011
62539339016
62545192011
62546706017
62546707015
62540846017
62547224010
62543234013
62546978012
62544770015
62545847010
62547264016
62540968019
62545877017
62543334011
62544349018
62547325015
62545453017
62545950012
62545964013
62539640017
62547401014
62545526010
62544007012
62546509015
62546554011
62544062017
62543068015
62607637010
62611746013
62612339016
62606426019
62607013014
62607036015
62608323016
62609532011
62607080013
62604815015
62610672012
62603724010
62603726015
62606564017
62607816010
62611344017
62605488010
62606608012
62609679010
62612504015
62612505012
62610786010
62603294014
62603305018
62606710016
62607951015
62611508017
62605662010
62609353012
62603971017
62603975018
62605121017
62607512015
62612208013
62605722012
62608746018
62604053013
62604610010
62604620019
62606904015
62614730014
62616604019
62617953019
62617968017
62620285011
62612915013
62614215016
62620777017
62612965018
62621023015
62621523014
62621071014
62622265011
62619338011
62619366012
62619986017
62622062012
62619434018
62621147012
62620040010
62613547013
62621804018
62621864012
62615711013
62617756016
62620592010
62617163015
62621913017
62620685012
62618525014
62619156017
62620276010
62596715017
62602216018
62602221018
62602232015
62602234011
62600223016
62596135018
62596818019
62596863015
62597506019
62597511019
62596213013
62600979013
62594694016
62597576012
62600418012
62602417012
62596981015
62601038017
62594750016
62594758019
62592610014
62596385019
62598563019
62598574016
62592990010
62596416012
62601751015
62592691014
62593769017
62597974019
62601217017
62597170014
62598664015
62598696017
62592798017
62593363019
62600659011
62592812016
62592817015
62602891018
62600742015
62601880012
62592871012
62592872010
62594143014
62595999018
62596667010
62597393012
62600170019
62581629017
62591205014
62583067018
62587555018
62590992018
62591303017
62590208019
62590804015
62591942012
62583237017
62584693010
62588452017
62589625017
62586386019
62591142019
62591832015
62586448017
62582737017
62590424012
62587358017
62589874011
62581426018
62584292011
62582917015
62586690014
62584364018
62627720010
62630880017
62630883011
62626766014
62629326014
62631946015
62628322014
62633962010
62627828011
62628333011
62628867018
62633542010
62628400018
62629404019
62629411014
62629950011
62628414019
62629975018
62630550016
62628451011
62630602015
62632090011
62632557019
62629512019
62630645014
62632134017
62629605011
62633703018
62633718016
62627030014
62629097011
62630706014
62631203011
62631217011
62631759012
62634234013
62627101013
62634284018
62634288019
62627129014
62629177011
62630807010
62633839010
62634323014
62627164011
62633873019
62634340018
62630858013
62623397011
62624396012
62624914012
62625534017
62623998016
62622397012
62622427017
62622942015
62622946016
62622956015
62622493019
62622501019
62624144016
62623083017
62623687015
62626301010
62622620017
62623769011
62624764011
62626416016
62625342015
62623339013
62623343015
62624330011
62624844011
62660357019
62652820016
62652828019
62654062013
62654095013
62655760011
62656903016
62658693011
62659774018
62660382017
62660384013
62654124011
62653582011
62652915014
62657006017
62657608010
62656511017
62661178018
62652979010
62661197018
62656587017
62657139016
62653049011
62655415012
62653843017
62654967013
62659035014
62660769015
62653873014
62653874012
62655547012
62657269011
62653251013
62656722010
62660172012
62661467015
62653942017
62656169014
62657966012
62659113019
62659672014
62660235017
62656809015
62655119010
62660932019
62667402016
62662264015
62669835015
62671419014
62669295012
62669854016
62662323019
62664935018
62669318012
62669882017
62665606014
62662387014
62666915018
62667580019
62667619015
62665779019
62666444019
62662870019
62670596010
62665188013
62671735013
62666551011
62670147012
62664695018
62664003015
62665290017
62667985010
62668023019
62669705010
62665366015
62669762011
62670257019
62670814017
62644633014
62646619011
62646170015
62649358013
62651425015
62644678019
62645195013
62648265011
62648880017
62651208015
62648931018
62648932016
62651548014
62650713015
62646829016
62644816015
62645825015
62649037013
62651947018
62644864015
62648512016
62644874014
62645905015
62648551014
62652037017
62644417012
62648590012
62645966017
62647020011
62646013017
62649781016
62650372010
62644249019
62652147014
62643456011
62647125018
62648715015
62650456011
62644588010
62648761019
62650462019
62635984012
62637784014
62640290017
62634919019
62642196014
62642205013
62639305016
62640364010
62642481010
62642502013
62638860011
62639325014
62638891016
62634985010
62637210010
62637892015
62641544016
62636696011
62637240017
62639411012
62641060013
62636198018
62635077015
62636768018
62636782019
62638007019
62639002019
62637345014
62638012019
62638572012
62638574018
62640029019
62641128018
62634690016
62635203017
62635546019
62636318012
62639608013
62640096018
62635554013
62638125019
62640746018
62640749012
62635631019
62636953016
62638730016
62636442010
62635395011
62636466019
62636488013
62639256011
62641396011
62700377019
62700913011
62693352011
62700414010
62700421015
62701582013
62701046019
62697002018
62697589014
62698147010
62698681018
62695801015
62701101012
62701714012
62699940017
62693593010
62696505011
62697680011
62698242019
62694737012
62694738010
62697184014
62697737019
62700023019
62693032019
62697197016
62695417010
62694866019
62695461018
62697852016
62693173011
62694347010
62696693015
62697907018
62698472012
62697961015
62699049017
62699697013
62710737012
62703970018
62703975017
62705844013
62705224018
62709246017
62711102018
62710562014
62704144019
62707334013
62707362014
62702404019
62711240016
62706117013
62708121013
62708788019
62705501019
62706157019
62701921013
62708884016
62709664011
62703220018
62711445011
62703256012
62708386012
62708429010
62710392016
62706475015
62708438011
62708484015
62692178011
62692206010
62685703015
62687457016
62689955017
62690564014
62691664011
62686396017
62689446017
62682762014
62691855015
62687702015
62690801010
62691314013
62692299015
62684492016
62686008018
62687713012
62687172011
62690260019
62682946013
62682964016
62685169019
62687775011
62687793014
62682328014
62686132016
62692018019
62685518017
62686180015
62688532015
62692071018
62687917019
62689217012
62690420019
62686225018
62690450016
62687984019
62688657010
62689916019
62679871018
62681760019
62678907011
62680921018
62677138014
62676623016
62679499018
62680025018
62679042016
62679529012
62673849010
62674364019
62672768013
62678449014
62679085015
62680232010
62672785017
62681919011
62674455015
62678508017
62673396012
62673934010
62676792019
62678553013
62679158010
62673974016
62677986016
62676870013
62681349011
62674580010
62678705019
62678728011
62676949015
62674139015
62674688011
62676429018
62672491012
62742577014
62733177014
62734544014
62735264018
62735816015
62740713017
62741315010
62736369014
62737489019
62741358010
62742852011
62736401015
62742167014
62742178011
62735395010
62736960010
62740329012
62735978013
62737876017
62741640011
62735503019
62739788012
62733532010
62737149019
62738794011
62739827018
62740477019
62740940016
62733573014
62739900013
62739903017
62740542010
62741803015
62735671014
62739473011
62740612011
62740026014
62733138016
62736264017
62736778016
62742007012
62733796011
62736287018
62751846011
62751875010
62749876013
62751961018
62751968013
62745442018
62747271019
62749972010
62750471019
62751246014
62747955017
62750565018
62751062015
62744996014
62747390017
62750134013
62745696019
62745709010
62751679016
62745152013
62746971015
62746982012
62750220010
62747606016
62749651010
62743576015
62743113017
62749736019
62743628014
62743641017
62743891018
62732586017
62725078014
62727687010
62729482014
62724449018
62726416015
62728876018
62730701014
62728365012
62727811016
62725238014
62728464013
62732881012
62727243012
62727931012
62729101010
62727993012
62729780011
62729251013
62732366014
62726232016
62728143013
62728745015
62726264019
62723664013
62726904010
62732500018
62731235012
62713076012
62715211013
62721067011
62716693011
62718447010
62719850014
62712267018
62721202014
62718573013
62721225015
62716875014
62716242017
62719358018
62712419015
62718761014
62712449012
62721974018
62714895014
62711889010
62712483011
62722013014
62713711014
62720866017
62711953014
62722111016
62712904016
62722160013
62715778011
62716463019
62720950019
62713260012
62713278014
62717356014
62712703012
62713334015
62718356013
62719085017
62719723013
62720441019
62776947018
62776421014
62773645011
62773705013
62775952019
62774226019
62773063017
62774879015
62774908012
62778256012
62769730017
62774473017
62773930017
62775126010
62773959016
62777393014
62777966017
62773445016
62774594010
62771031016
62773499013
62779982012
62787552013
62788063010
62780413015
62783062017
62783130012
62779280011
62783175017
62783224013
62787468012
62787473012
62786772018
62787727011
62784412013
62784426013
62783351014
62785650017
62779446018
62782741017
62784508018
62778991014
62787885017
62781462011
62782760017
62779555016
62779852017
62783450014
62779897012
62781516014
62782246017
62784077014
62787019013
62779099015
62788011019
62780236010
62761652011
62762905012
62762919013
62764768012
62760456018
62768560019
62762336010
62761789011
62764911018
62766696013
62767269018
62768948016
62763104011
62768413011
62768428019
62760604013
62767905017
62761911011
62765030016
62765632019
62760653010
62765658014
62765709015
62766330019
62763985013
62769207016
62766957019
62766974014
62766982017
62769221017
62761258017
62769291010
62761564018
62761271010
62769303013
62752904017
62753160015
62759831015
62758368019
62753413018
62754835011
62755359011
62758398016
62755382013
62755387012
62757942012
62753515010
62757014010
62756019010
62754099014
62754565014
62755056013
62755066012
62758128017
62753193016
62753194014
62755098015
62758652016
62752970018
62755133010
62758683011
62752992012
62753242011
62754642011
62754651012
62757261017
62757756016
62756283012
62756743015
62756757015
62757331018
62757795014
62753330014
62755799018
62758811018
62757862012
62757867011