46001643013
46001645018
46001646016
46001647014
46001648012
46001649010
46001650018
46001651016
46001652014
46001653012
46001656015
46001655017
46001658011
46001657013
46001659019
46001660017
46001661015
46001662013
46001663011
46001664019
46001665016
46001666014
46001667012
46001668010
46001669018
46001670016
46001671014
46001672012
46001673010
46001674018
46001675015
46001676013
46001677011
46001678019
46001679017
46001680015
46001681013
46001682011
46001683019
46001684017
46001685014
46001686012
46001687010
46001688018
46001689016
46001690014
46001691012
46001692010
46001693018
46001694016
46001696011
46001697019
46001698017
46001699015
46001700011
46001701019
46001702017
46001703015
46001704013
46001705010
46001706018
46001707016
46001708014
46001709012
46001710010
46001711018
46001712016
46001713014
46001714012
46001715019
46001716017
46001717015
46001718013
46001719011
46001720019
46001721017
46001722015
46001723013
46001724011
46001725018
46001726016
46001727014
46001728012
46001729010
46001730018
46001731016
46001732014
46001733012
46001734010
46001735017
46001736015
46001737013
46001738011
46001739019
46001740017
46001741015
46001742013
46001743011
46001744019
46001745016
46001746014
46001747012
46001748010
46001749018
46001750016
46001751014
46001752012
46001753010
46001754018
46001755015
46001756013
46001757011
46001758019
46001759017
46001760015
46001761013
46001762011
46001763019
46001764017
46001765014
46001766012
46001767010
46001768018
46001769016
46001770014
46001771012
46001772010
46001773018
46001774016
46001775013
46001776011
46001777019
46001778017
46001779015
46001780013
46001781011
46001782019
46001783017
46001784015
46001785012
46001786010
46001787018
46001788016
46001789014
46001790012
46001791010
46001793016
46001792018
46001794014
46001795011
46001796019
46001797017
46001798015
46001799013
46001800019
46001801017
46001802015
46001803013
46001804011
46001805018
46001806016
46001807014
46001808012
46001809010
46001810018
46001811016
46001812014
46001813012
46001814010
46001815017
46001816015
46001817013
46001818011
46001819019
46001820017
46001821015
46001822013
46001823011
46001824019
46001825016
46001826014
46001827012
46001828010
46001829018
46001830016
46001831014
46001832012
46001833010
46001834018
46001835015
46001836013
46001837011
46001838019
46001839017
46001840015
46001841013
46001842011
46001843019
46001844017
46001845014
46001846012
46001847010
46001848018
46001849016
46001850014
46001852010
46001853018
46001854016
46001855013
46001856011
46001857019
46001858017
46001859015
46001860013
46001861011
46001862019
46001863017
46001864015
46001865012
46001866010
46001867018
46001868016
46001869014
46001870012
46001871010
46001872018
46001873016
46001874014
46001875011
46001876019
46001877017
46001878015
46001879013
46001880011
46001881019
46001882017
46001883015
46001884013
46001885010
46001886018
46001887016
46001888014
46001889012
46001890010
46001891018
46001892016
46001893014
46001894012
46001895019
46001896017
46001897015
46001898013
46001899011
46001900017
46001901015
46001902013
46001903011
46001904019
46001905016
46001906014
46001907012
46001908010
46001909018
46001910016
46001911014
46001912012
46001913010
46001914018
46001915015
46001916013
46001917011
46001918019
46001919017
46001920015
46001921013
46001922011
46001923019
46001924017
46001925014
46001926012
46001927010
46001928018
46001929016
46001930014
46001931012
46001932010
46001933018
46001934016
46001935013
46001936011
46001937019
46001938017
46001939015
46001940013
46001941011
46001942019
46001944015
46001943017
46001945012
46001946010
46001947018
46001948016
46001949014
46001950012
46001951010
46001952018
46001953016
46001954014
46001955011
46001956019
46001957017
46001958015
46001959013
46001960011
46001961019
46001962017
46001963015
46001964013
46001965010
46001966018
46001967016
46001968014
46001969012
46001970010
46001971018
46001972016
46001973014
46001974012
46001975019
46001976017
46001977015
46001978013
46001979011
46001980019
46001981017
46001982015
46001983013
46001984011
46001985018
46001986016
46001987014
46001988012
46001989010
46001990018
46001991016
46001992014
46001993012
46001994010
46001995017
46001996015
46001997013
46001998011
46001999019
46002000015
46002001013
46002002011
46002003019
46002004017
46002005014
46002006012
46002007010
46002008018
46002009016
46002010014
46002011012
46002012010
46002013018
46002014016
46002015013
46002016011
46002017019
46002018017
46002019015
46002020013
46002021011
46002022019
46002023017
46002024015
46002025012
46002026010
46002027018
46002028016
46002029014
46002030012
46002031010
46002032018
46002033016
46002034014
46002035011
46002036019
46002037017
46002038015
46002039013
46002040011
46002041019
46002042017
46002043015
46002044013
46002045010
46002046018
46002047016
46002048014
46002049012
46002050010
46002051018
46002052016
46002053014
46002054012
46002055019
46002056017
46002057015
46002058013
46002059011
46002060019
46002061017
46002062015
46002063013
46002064011
46002065018
46002066016
46002067014
46002068012
46002069010
46002070018
46002071016
46002072014
46002073012
46002074010
46002075017
46002077013
46002076015
46002078011
46002079019
46002080017
46002081015
46002082013
46002083011
46002084019
46002085016
46002086014
46002087012
46002088010
46002089018
46002090016
46002091014
46002092012
46002093010
46002094018
46002095015
46002096013
46002097011
46002098019
46002099017
46002100013
46002102019
46002101011
46002103017
46002104015
46002106010
46002105012
46002107018
46002108016
46002109014
46002110012
46002111010
46002112018
46002113016
46002114014
46002115011
46002116019
46002117017
46002127016
46002128014
46002120011
46002121019
46002122017
46002123015
46002124013
46002125010
46002126018
46002129012
46002130010
46002131018
46002132016
46002133014
46002134012
46002135019
46002136017
46002138013
46002139011
46002140019
46002141017
46002142015
46002143013
46002144011
46002145018
46002146016
46002147014
46002148012
46002149010
46002150018
46002151016
46002152014
46002153012
46002154010
46002155017
46002156015
46002157013
46002158011
46002159019
46002160017
46002161015
46002162013
46002163011
46002164019
46002165016
46002166014
46002167012
46002168010
46002169018
46002170016
46002171014
46002172012
46002173010
46002174018
46002175015
46002176013
46002177011
46002178019
46002179017
46002180015
46002181013
46002182011
46002183019
46002184017
46002185014
46002186012
46002187010
46002188018
46002189016
46002190014
46002191012
46002192010
46002193018
46002194016
46002195013
46002196011
46002197019
46002198017
46002199015
46002200011
46002201019
46002202017
46002203015
46002204013
46002205010
46002206018
46002207016
46002208014
46002209012
46002210010
46002211018
46002212016
46002213014
46002214012
46002215019
46002216017
46002217015
46002218013
46002219011
46002220019
46002221017
46002222015
46002223013
46002224011
46002225018
46002226016
46002227014
46002228012
46002229010
46002230018
46002231016
46002232014
46002233012
46002234010
46002235017
46002236015
46002237013
46002238011
46002239019
46002240017
46002241015
46002242013
46002243011
46002244019
46002245016
46002246014
46002247012
46002248010
46002249018
46002250016
46002251014
46002252012
46002253010
46002254018
46002255015
46002256013
46002257011
46002258019
46002259017
46002260015
46002261013
46002262011
46002263019
46002264017
46002265014
46002266012
46002267010
46002268018
46002269016
46002270014
46002271012
46002272010
46002273018
46002274016
46002275013
46002276011
46002277019
46002278017
46002279015
46002280013
46002281011
46002282019
46002283017
46002284015
46002285012
46002286010
46002287018
46002288016
46002289014
46002290012
46002291010
46002292018
46002293016
46002294014
46002295011
46002296019
46002297017
46002298015
46002299013
46002300019
46002301017
46002302015
46002303013
46002304011
46002305018
46002306016
46002307014
46002308012
46002309010
46002310018
46002311016
46002312014
46002313012
46002314010
46002315017
46002316015
46002317013
46002318011
46002319019
46002320017
46002321015
46002322013
46002323011
46002324019
46002325016
46002326014
46002327012
46002328010
46002329018
46002330016
46002331014
46002332012
46002333010
46002334018
46002335015
46002336013
46002337011
46002338019
46002339017
46002340015
46002341013
46002342011
46002343019
46002344017
46002345014
46002346012
46002347010
46002348018
46002350014
46002349016
46002351012
46002352010
46002353018
46002354016
46002355013
46002356011
46002357019
46002358017
46002359015
46002360013
46002361011
46002362019
46002363017
46002364015
46002365012
46002366010
46002367018
46002368016
46002369014
46002370012
46002371010
46002372018
46002373016
46002374014
46002375011
46002376019
46002377017
46002378015
46002379013
46002380011
46002381019
46002382017
46002383015
46002384013
46002385010
46002386018
46002387016
46002388014
46002389012
46002390010
46002391018
46002392016
46002393014
46002394012
46002395019
46002396017
46002397015
46002398013
46002399011
46002400017
46002401015
46002402013
46002403011
46002404019
46002405016
46002406014
46002407012
46002408010
46002409018
46002410016
46002411014
46002412012
46002413010
46002414018
46002415015
46002416013
46002417011
46002418019
46002419017
46002420015
46002421013
46002422011
46002423019
46002424017
46002425014
46002426012
46002427010
46002428018
46002429016
46002430014
46002431012
46002432010
46002433018
46002434016
46002435013
46002436011
46002437019
46002438017
46002439015
46002440013
46002441011
46002442019
46002443017
46002444015
46002445012
46002446010
46002448016
46002447018
46002449014
46002450012
46002451010
46002452018
46002453016
46002454014
46002455011
46002456019
46002457017
46002458015
46002459013
46002460011
46002461019
46002462017
46002463015
46002464013
46002465010
46002466018
46002467016
46002468014
46002469012
46002470010
46002471018
46002472016
46002473014
46002474012
46002475019
46002476017
46002477015
46002478013
46002479011
46002480019
46002481017
46002482015
46002483013
46002484011
46002485018
46002486016
46002487014
46002488012
46002489010
46002490018
46002491016
46002492014
46002493012
46002494010
46002495017
46002496015
46002497013
46002498011
46002499019
46002500014
46002501012
46002502010
46002503018
46002504016
46002505013
46002506011
46002507019
46002508017
46002509015
46002510013
46002511011
46002512019
46002513017
46002514015
46002515012
46002516010
46002517018
46002518016
46002519014
46002520012
46002521010
46002522018
46002523016
46002524014
46002525011
46002526019
46002527017
46002528015
46002529013
46002530011
46002531019
46002532017
46002533015
46002534013
46002535010
46002536018
46002538014
46002537016
46002539012
46002540010
46002541018
46002542016
46002543014
46002557014
46002558012
46002546017
46002549011
46002548013
46002550019
46002551017
46002552015
46002554011
46002555018
46002556016
46002560018
46002561016
46002563012
46002564010
46002565017
46002566015
46002567013
46002569019
46002570017
46002571015
46002572013
46002573011
46002574019
46002575016
46002576014
46002577012
46002578010
46002579018
46002580016
46002581014
46002582012
46002583010
46002584018
46002585015
46002586013
46002587011
46002588019
46002589017
46002590015
46002591013
46002592011
46002593019
46002594017
46002595014
46002596012
46002597010
46002598018
46002599016
46002600012
46002601010
46002602018
46002603016
46002604014
46002605011
46002606019
46002607017
46002608015
46002609013
46002610011
46002611019
46002612017
46002613015
46002614013
46002615010
46002616018
46002617016
46002618014
46002619012
46002620010
46002621018
46002622016
46002623014
46002624012
46002625019
46002626017
46002628013
46002629011
46002630019
46002631017
46002632015
46002633013
46002634011
46002635018
46002636016
46002637014
46002638012
46002639010
46002640018
46002641016
46002642014
46002643012
46002644010
46002645017
46002646015
46002647013
46002648011
46002649019
46002650017
46002651015
46002652013
46002653011
46002654019
46002655016
46002656014
46002657012
46002658010
46002659018
46002660016
46002661014
46002662012
46002663010
46002664018
46002665015
46002666013
46002667011
46002668019
46002669017
46002671013
46002672011
46002670015
46002673019
46002674017
46002675014
46002676012
46002677010
46002678018
46002679016
46002680014
46002681012
46002682010
46002683018
46002684016
46002685013
46002686011
46002687019
46002688017
46002689015
46002690013
46002691011
46002692019
46002693017
46002694015
46002695012
46002696010
46002697018
46002698016
46002699014
46002700010
46002701018
46002702016
46002703014
46002704012
46002705019
46002706017
46002707015
46002708013
46002709011
46002710019
46002711017
46002712015
46002713013
46002714011
46002715018
46002716016
46002717014
46002718012
46002719010
46002720018
46002721016
46002722014
46002723012
46002726015
46002727013
46002728011
46002729019
46002730017
46002731015
46002732013
46002733011
46002734019
46002735016
46002736014
46002737012
46002738010
46002740016
46002739018
46002741014
46002742012
46002743010
46002744018
46002745015
46002746013
46002747011
46002748019
46002749017
46002750015
46002751013
46002752011
46002753019
46002754017
46002755014
46002756012
46002757010
46002758018
46002759016
46002760014
46002761012
46002762010
46002763018
46002764016
46002765013
46002766011
46002767019
46002768017
46002769015
46002770013
46002771011
46002772019
46002773017
46002774015
46002775012
46002776010
46002777018
46002778016
46002779014
46002780012
46002781010
46002782018
46002783016
46002784014
46002785011
46002786019
46002787017
46002788015
46002789013
46002790011
46002791019
46002792017
46002797016
46002794013
46002795010
46002796018
46002798014
46002799012
46002800018
46002801016
46002802014
46002803012
46002804010
46002806015
46002805017
46002807013
46002808011
46002809019
46002810017
46002811015
46002812013
46002813011
46002814019
46002815016
46002816014
46002817012
46002818010
46002819018
46002820016
46002821014
46002822012
46002823010
46002824018
46002826013
46002827011
46002828019
46002829017
46002830015
46002831013
46002834017
46002835014
46002836012
46002837010
46002838018
46002839016
46002840014
46002841012
46002842010
46002843018
46002844016
46002845013
46002846011
46002847019
46002848017
46002849015
46002851011
46002850013
46002852019
46002853017
46002854015
46002855012
46002856010
46002857018
46002858016
46002859014
46002860012
46002861010
46002862018
46002863016
46002864014
46002865011
46002866019
46002867017
46002868015
46002869013
46002870011
46002871019
46002872017
46002873015
46002874013
46002875010
46002876018
46002877016
46002878014
46002879012
46002880010
46002881018
46002882016
46002883014
46002884012
46002892015
46002886017
46002887015
46002888013
46002889011
46002890019
46002891017
46002893013
46002894011
46002895018
46002896016
46002897014
46002898012
46002899010
46002901014
46002900016
46002902012
46002903010
46002904018
46002905015
46002906013
46002907011
46002908019
46002909017
46002910015
46002911013
46002912011
46002913019
46002914017
46002915014
46002916012
46002917010
46002918018
46002919016
46002920014
46002921012
46002922010
46002923018
46002924016
46002925013
46002926011
46002927019
46002928017
46002929015
46002930013
46002931011
46002932019
46002933017
46002934015
46002935012
46002936010
46002937018
46002938016
46002939014
46002940012
46002941010
46002942018
46002943016
46002944014
46002945011
46002946019
46002947017
46002948015
46002949013
46002950011
46002951019
46002952017
46002953015
46002954013
46002955010
46002956018
46002957016
46002958014
46002959012
46002960010
46002961018
46002962016
46002963014
46002964012
46002965019
46002966017
46002967015
46002968013
46002969011
46002970019
46002971017
46002972015
46002973013
46002974011
46002975018
46002976016
46002977014
46002978012
46002979010
46002980018
46002981016
46002982014
46002983012
46002984010
46002985017
46002986015
46002987013
46002988011
46002989019
46002990017
46002991015
46002992013
46002993011
46002994019
46002995016
46002996014
46002997012
46002998010
46002999018
46003000014
46003001012
46003002010
46003003018
46003004016
46003005013
46003006011
46003007019
46003008017
46003009015
46003010013
46003011011
46003012019
46003013017
46003014015
46003015012
46003016010
46003017018
46003018016
46003019014
46003020012
46003021010
46003022018
46003023016
46003024014
46003025011
46003026019
46003027017
46003028015
46003029013
46003030011
46003031019
46003032017
46003033015
46003034013
46003035010
46003036018
46003037016
46003038014
46003039012
46003040010
46003041018
46003042016
46003043014
46003044012
46003045019
46003046017
46003047015
46003048013
46003049011
46003050019
46003051017
46003052015
46003053013
46003054011
46003055018
46003056016
46003065017
46003067013
46003059010
46003060018
46003062014
46003063012
46003064010
46003066015
46003068011
46003069019
46003070017
46003071015
46003072013
46003073011
46003074019
46003075016
46003076014
46003077012
46003078010
46003079018
46003080016
46003081014
46003082012
46003083010
46003084018
46003085015
46003086013
46003087011
46003088019
46003089017
46003090015
46003091013
46003092011
46003093019
46003094017
46003095014
46003096012
46003097010
46003098018
46003099016
46003100012
46003101010
46003102018
46003103016
46003104014
46003119012
46003120010
46003121018
46003108015
46003109013
46003110011
46003111019
46003112017
46003113015
46003114013
46003115010
46003116018
46003117016
46003118014
46003122016
46003123014
46003124012
46003125019
46003126017
46003127015
46003128013
46003129011
46003130019
46003131017
46003132015
46003133013
46003134011
46003135018
46003136016
46003137014
46003138012
46003139010
46003140018
46003141016
46003142014
46003143012
46003144010
46003145017
46003146015
46003147013
46003148011
46003149019
46003150017
46003151015
46003152013
46003153011
46003154019
46003155016
46003156014
46003157012
46003158010
46003161014
46003160016
46003162012
46003163010
46003164018
46003165015
46003166013
46003167011
46003168019
46003169017
46003171013
46003172011
46003173019
46003174017
46003175014
46003176012
46003177010
46003178018
46003179016
46003180014
46003181012
46003182010
46003183018
46003184016
46003185013
46003186011
46003187019
46003188017
46003189015
46003190013
46003191011
46003192019
46003193017
46003195012
46003194015
46003196010
46003197018
46003198016
46003199014
46003200010
46003201018
46003202016
46003203014
46003204012
46003205019
46003206017
46003207015
46003208013
46003209011
46003210019
46003211017
46003212015
46003213013
46003214011
46003215018
46003216016
46003217014
46003219010
46003218012
46003220018
46003221016
46003222014
46003223012
46003224010
46003225017
46003226015
46003227013
46003228011
46003229019
46003230017
46003231015
46003232013
46003235016
46003236014
46003238010
46003237012
46003239018
46003241014
46003240016
46003242012
46003243010
46003244018
46003245015
46003246013
46003247011
46003248019
46003249017
46003250015
46003251013
46003252011
46003253019
46003254017
46003255014
46003256012
46003257010
46003258018
46003259016
46003260014
46003261012
46003262010
46003263018
46003264016
46003265013
46003266011
46003267019
46003268017
46003269015
46003270013
46003271011
46003272019
46003273017
46003274015
46003275012
46003276010
46003277018
46003278016
46003279014
46003280012
46003281010
46003282018
46003283016
46003284014
46003285011
46003286019
46003287017
46003288015
46003289013
46003290011
46003291019
46003292017
46003293015
46003294013
46003295010
46003296018
46003297016
46003298014
46003299012
46003300018
46003301016
46003302014
46003303012
46003304010
46003305017
46003306015
46003307013
46003308011
46003309019
46003310017
46003311015
46003312013
46003313011
46003314019
46003315016
46003316014
46003318010
46003317012
46003319018
46003321014
46003320016
46003322012
46003323010
46003324018
46003325015
46003326013
46003327011
46003328019
46003329017
46003330015
46003331013
46003332011
46003333019
46003334017
46003335014
46003336012
46003337010
46003338018
46003339016
46003340014
46003341012
46003342010
46003343018
46003344016
46003345013
46003346011
46003347019
46003348017
46003349015
46003350013
46003351011
46003359014
46003353017
46003354015
46003355012
46003356010
46003358016
46003360012
46003361010
46003362018
46003363016
46003364014
46003365011
46003366019
46003367017
46003368015
46003369013
46003370011
46003371019
46003372017
46003373015
46003374013
46003375010
46003376018
46003377016
46003378014
46003379012
46003380010
46003381018
46003383014
46003382016
46003384012
46003385019
46003386017
46003387015
46003388013
46003389011
46003390019
46003391017
46003392015
46003393013
46003394011
46003395018
46003396016
46003397014
46003398012
46003399010
46003400016
46003401014
46003402012
46003403010
46003404018
46003405015
46003406013
46003407011
46003408019
46003409017
46003410015
46003411013
46003412011
46003413019
46003414017
46003415014
46003416012
46003417010
46003418018
46003419016
46003420014
46003421012
46003422010
46003423018
46003424016
46003425013
46003426011
46003427019
46003428017
46003429015
46003430013
46003431011
46003432019
46003434015
46003433017
46003435012
46003436010
46003437018
46003438016
46003439014
46003440012
46003441010
46003442018
46003443016
46003444014
46003445011
46003446019
46003447017
46003448015
46003449013
46003450011
46003451019
46003452017
46003453015
46003454013
46003455010
46003456018
46003457016
46003458014
46003459012
46003460010
46003461018
46003462016
46003463014
46003464012
46003465019
46003466017
46003467015
46003468013
46003469011
46003470019
46003471017
46003472015
46003480018
46003474011
46003475018
46003476016
46003477014
46003478012
46003479010
46003481016
46003482014
46003483012
46003484010
46003485017
46003486015
46003487013
46003488011
46003489019
46003490017
46003491015
46003492013
46003493011
46003494019
46003495016
46003496014
46003497012
46003498010
46003499018
46003500013
46003501011
46003502019
46003503017
46003504015
46003505012
46003506010
46003507018
46003508016
46003509014
46003510012
46003511010
46003513016
46003512018
46003514014
46003515011
46003516019
46003517017
46003518015
46003519013
46003520011
46003521019
46003522017
46003523015
46003524013
46003525010
46003526018
46003527016
46003528014
46003529012
46003530010
46003531018
46003532016
46003533014
46003534012
46003535019
46003536017
46003537015
46003538013
46003539011
46003545018
46003541017
46003542015
46003543013
46003544011
46003546016
46003547014
46003549010
46003548012
46003550018
46003551016
46003552014
46003553012
46003554010
46003555017
46003556015
46003558011
46003559019
46003560017
46003561015
46003562013
46003563011
46003564019
46003565016
46003566014
46003567012
46003568010
46003569018
46003570016
46003571014
46003572012
46003573010
46003574018
46003575015
46003576013
46003577011
46003578019
46003579017
46003580015
46003581013
46003582011
46003583019
46003584017
46003585014
46003586012
46003587010
46003588018
46003589016
46003590014
46003591012
46003592010
46003593018
46003594016
46003595013
46003596011
46003597019
46003598017
46003599015
46003600011
46003601019
46003602017
46003603015
46003604013
46003605010
46003606018
46003607016
46003608014
46003609012
46003610010
46003611018
46003612016
46003613014
46003614012
46003615019
46003616017
46003617015
46003618013
46003619011
46003620019
46003621017
46003622015
46003623013
46003624011
46003625018
46003626016
46003627014
46003628012
46003629010
46003630018
46003631016
46003632014
46003634010
46003633012
46003635017
46003636015
46003637013
46003638011
46003639019
46003640017
46003641015
46003642013
46003643011
46003644019
46003645016
46003646014
46003647012
46003657011
46003658019
46003650016
46003651014
46003652012
46003653010
46003654018
46003655015
46003656013
46003659017
46003660015
46003662011
46003663019
46003664017
46003665014
46003666012
46003667010
46003668018
46003669016
46003670014
46003671012
46003672010
46003673018
46003674016
46003675013
46003676011
46003677019
46003678017