54458517011
54458523019
54458527010
54458549014
54458579011
54458581017
54458591016
54458596015
54458599019
54458607010
54458612010
54458623017
54458627018
54458670018
54458684019
54458700013
54458706010
54458770016
54458803015
54458825018
54458826016
54458848010
54458894014
54458898015
54458913012
54458933010
54458935015
54458949016
54458953018
54458957019
54459000017
54459026012
54459037019
54459055011
54459058015
54459062017
54459064013
54459068014
54459106012
54459132018
54459152016
54459161017
54459171016
54459195015
54459201011
54459220011
54459230010
54459232016
54459235019
54459250018
54459251016
54459252014
54459254010
54459279017
54459321017
54459357011
54459364017
54459369016
54459380013
54459383017
54459400019
54459405018
54459411016
54459415017
54459434018
54459443019
54459447010
54459522010
54459526011
54459560010
54459573013
54459591015
54459598010
54459603018
54459604016
54459605013
54459612019
54459616010
54459622018
54459623016
54459624014
54459634013
54459637016
54459642016
54459649011
54459681014
54459715010
54459723014
54459742014
54459758010
54459766013
54459785013
54459787019
54459814011
54459816016
54459817014
54459838010
54459846013
54459863018
54459888015
54459902014
54459924018
54459926013
54459934017
54459938018
54459994011
54460015012
54460026019
54460032017
54460036018
54460052015
54460054011
54460061016
54460066015
54460078010
54460086013
54460102018
54460108015
54460127015
54460132015
54460134011
54460153011
54460175014
54460177010
54460186011
54460195012
54460204012
54460221016
54460226015
54460229019
54460236014
54460242012
54460244018
54460245015
54460255014
54460266011
54460272019
54460298014
54460304010
54460305017
54460306015
54460325015
54460326013
54460330015
54460336012
54460347019
54460360012
54460372017
54460373015
54460399010
54460401014
54460402012
54460407011
54460410015
54460421012
54460437018
54460459012
54460472015
54460489019
54460509014
54460531018
54460533014
54460548012
54460553012
54460579017
54460587010
54460590014
54460592010
54460593018
54460601019
54460602017
54460611018
54460619011
54460624011
54460641015
54460642013
54460646014
54460652012
54460655015
54460657011
54460669016
54460674016
54460683017
54460706016
54460711016
54460713012
54460720017
54460731014
54460750014
54460798013
54460803011
54460817011
54460830014
54460927018
54460954012
54460970018
54461004015
54461005012
54461008016
54461016019
54461018015
54461024013
54461029012
54461047014
54461050018
54461059019
54461064019
54461072012
54461082011
54461089016
54461096011
54461112016
54461114012
54461132014
54461145016
54461159017
54461170014
54461182019
54461187018
54461189014
54461213012
54461228010
54461230016
54461231014
54461236013
54461240015
54461244017
54461245014
54461254016
54461274014
54461276019
54461284013
54461285010
54461306014
54461310016
54461315015
54461321013
54461330014
54461360011
54461369012
54461377015
54461383013
54461393012
54461412010
54461414016
54461424015
54461429014
54461435011
54461483011
54461487012
54461519012
54461529011
54461545017
54461549019
54461552013
54461560016
54461580014
54461582010
54461586011
54461592019
54461631015
54461645015
54461650015
54461662010
54461668017
54461681010
54461682018
54461715016
54461716014
54461721014
54461725015
54461727011
54461767017
54461795018
54461804018
54461808019
54461829015
54461872015
54461891015
54461894019
54461897012
54461909015
54461924014
54461930011
54461940010
54461946017
54461957014
54461963012
54461971015
54461981014
54461985015
54462000012
54462008015
54462017016
54462034011
54462036016
54462040018
54462044010
54462045017
54462046015
54462052013
54462057012
54462058010
54462063010
54462064018
54462068019
54462069017
54462071013
54462083018
54462084016
54462088017
54462102016
54462105019
54462111017
54462115018
54462117014
54462121016
54462126015
54462149017
54462157010
54462163018
54462169015
54462204010
54462207013
54462217012
54462223010
54462253017
54462254015
54462255012
54462262018
54462269013
54462277016
54462278014
54462279012
54462284012
54462285019
54462293013
54462297014
54462305015
54462316012
54462324016
54462336010
54462353015
54462364012
54462366017
54462379010
54462387013
54462401012
54462417018
54462505010
54462512016
54462517015
54462526016
54462533012
54462544019
54462545016
54462547012
54462550016
54462558019
54462564017
54462577019
54462595011
54462598015
54462603013
54462617013
54462620017
54462642011
54462657019
54462666010
54462672018
54462682017
54462685010
54462686018
54462688014
54462707012
54462716013
54462722011
54462726012
54462732010
54462738017
54462743017
54462768014
54462782015
54462794010
54462822019
54462827018
54462850010
54462858013
54462877013
54462894018
54462900013
54462903017
54462909014
54462913016
54462919013
54462920011
54462951016
54462966014
54462985014
54462994016
54463002017
54463010010
54463015019
54463034010
54463043011
54463048010
54463056013
54463062011
54463076011
54463078017
54463079015
54463083017
54463091010
54463100019
54463107014
54463110018
54463113012
54463114010
54463115017
54463120017
54463144017
54463146012
54463155013
54463157019
54463167018
54463184013
54463187016
54463191018
54463199011
54463201015
54463215015
54463222011
54463232010
54463238017
54463239015
54463245012
54463254014
54463261019
54463264013
54463269012
54463278013
54463286016
54463299019
54463304017
54463311012
54463339013
54463389018
54463409014
54463485014
54463508013
54463518012
54463522014
54463523012
54463525017
54463527013
54463542012
54463544018
54463545015
54463558018
54463562010
54463586019
54463587017
54463588015
54463592017
54463602014
54463603012
54463606015
54463609019
54463624018
54463633019
54463639016
54463648017
54463651011
54463653017
54463658016
54463686017
54463692015
54463695018
54463698012
54463704018
54463706013
54463709017
54463719016
54463765019
54463770019
54463772015
54463787013
54463788011
54463793011
54463798010
54463802010
54463848013
54463849011
54463877012
54463894017
54463900012
54463927015
54463930019
54463952013
54463992019
54464000010
54464014011
54464036014
54464082018
54464091019
54464142010
54464165011
54464253015
54464265019
54464271017
54464279010
54464280018
54464281016
54464303018
54464308017
54464318016
54464349011
54464366015
54464377012
54464385015
54464422016
54464451015
54464469017
54464472011
54464482010
54464492019
54464494015
54464500019
54464534018
54464559015
54464591018
54464603011
54464614018
54464624017
54464631012
54464644015
54464646010
54464650012
54464666018
54464691016
54464693012
54464699019
54464705014
54464715013
54464761017
54464772014
54464776015
54464779019
54464804015
54464853012
54464866014
54464868010
54464894016
54464917015
54464930018
54464936015
54464937013
54464938011
54464940017
54464945016
54464946014
54464977019
54464997017
54465001017
54465002015
54465016015
54465022013
54465038019
54465039017
54465067018
54465076019
54465077017
54465101015
54465102013
54465119017
54465132010
54465138017
54465143017
54465146010
54465154014
54465166018
54465167016
54465179011
54465191016
54465204017
54465209016
54465222019
54465226010
54465227018
54465237017
54465240011
54465243015
54465249012
54465254012
54465263013
54465273012
54465274010
54465303017
54465323015
54465328014
54465341017
54465346016
54465352014
54465366014
54465379017
54465393018
54465397019
54465402017
54465410010
54465424011
54465436015
54465451014
54465453010
54465460015
54465461013
54465464017
54465480013
54465483017
54465527011
54465530015
54465536012
54465551011
54465552019
54465569013
54465578014
54465582016
54465594011
54465598012
54465606013
54465607011
54465625013
54465638016
54465643016
54465654013
54465662016
54465670019
54465681016
54465684010
54465692013
54465700014
54465701012
54465707019
54465747015
54465768011
54465776014
54465805011
54465828013
54465834011
54465838012
54465849019
54465850017
54465863010
54465875014
54465879016
54465881012
54465889015
54465896010
54465906017
54465924010
54465925017
54465931015
54465937012
54465947011
54465971011
54465975012
54465980012
54465984014
54465990011
54466005017
54466008011
54466038018
54466098012
54466110015
54466124016
54466140012
54466145011
54466149013
54466155010
54466157016
54466161018
54466163014
54466166017
54466171017
54466177014
54466178012
54466189019
54466210013
54466229013
54466243014
54466256016
54466258012
54466260018
54466264010
54466272013
54466313015
54466334011
54466338012
54466352013
54466355016
54466375014
54466377010
54466383018
54466388017
54466395012
54466409011
54466466011
54466469015
54466470013
54466477018
54466511014
54466520015
54466521013
54466528018
54466531012
54466536011
54466540013
54466547018
54466556019
54466573014
54466577015
54466581017
54466587014
54466590018
54466591016
54466616011
54466617019
54466630012
54466632018
54466657015
54466658013
54466661017
54466664011
54466667014
54466683011
54466693010
54466695015
54466731018
54466744011
54466763011
54466775015
54466779017
54466789016
54466821017
54466824011
54466827014
54466829010
54466833012
54466843011
54466844019
54466848010
54466860015
54466861013
54466864017
54466886010
54466889014
54466894014
54466914010
54466922013
54466925016
54466931014
54466951012
54466953018
54466990010
54467016013
54467022011
54467035013
54467043017
54467051010
54467056019
54467060011
54467062017
54467063015
54467072016
54467077015
54467081017
54467082015
54467085018
54467116011
54467124015
54467132018
54467165018
54467170018
54467173012
54467211010
54467212018
54467221019
54467224013
54467238013
54467262013
54467267012
54467283019
54467287010
54467295013
54467299015
54467301019
54467302017
54467304013
54467308014
54467313014
54467320019
54467322015
54467324011
54467332014
54467335017
54467348010
54467354018
54467363019
54467369016
54467372010
54467375013
54467381011
54467389014
54467390012
54467395011
54467405018
54467408012
54467414010
54467415017
54467418011
54467434018
54467436013
54467437011
54467443019
54467448018
54467452010
54467460013
54467496017
54467503010
54467532019
54467538016
54467551019
54467572015
54467574011
54467587013
54467603018
54467613017
54467627017
54467629013
54467631019
54467642016
54467644012
54467656016
54467666015
54467667013
54467686013
54467712017
54467739010
54467740018
54467749019
54467807015
54467816016
54467828011
54467852011
54467866011
54467882018
54467886019
54467888015
54467899012
54467901016
54467904010
54467918010
54467930015
54467934017
54467936012
54467949015
54467957018
54467965011
54467986017
54468001014
54468013019
54468022010
54468031011
54468034015
54468066017
54468068013
54468069011
54468085017
54468119014
54468120012
54468129013
54468133015
54468142016
54468150019
54468156016
54468176014
54468180016
54468245017
54468266013
54468323012
54468328011
54468333011
54468385011
54468392017
54468398014
54468408011
54468409019
54468432011
54468436012
54468437010
54468464014
54468468015
54468501013
54468510014
54468511012
54468513018
54468514016
54468563013
54468597011
54468607018
54468614014
54468631018
54468632016
54468642015
54468648012
54468662013
54468677011
54468699015
54468702017
54468706018
54468708014
54468740017
54468744019
54468749018
54468771012
54468772010
54468773018
54468826014
54468844017
54468864015
54468869014
54468871010
54468872018
54468891018
54468912012
54468942019
54468945012
54468983013
54468992014
54469078011
54469079019
54469089018
54469094018
54469102019
54469108016
54469117017
54469126018
54469137015
54469149010
54469162013
54469173010
54469189016
54469228012
54469230018
54469240017
54469242013
54469267010
54469276011
54469283017
54469287018
54469301017
54469308012
54469324019
54469331014
54469336013
54469341013
54469389012
54469403011
54469423019
54469425014
54469435013
54469442019
54469446010
54469447018
54469462017
54469470010
54469482015
54469492014
54469513017
54469515012
54469518016
54469527017
54469530011
54469537016
54469541018
54469548013
54469554011
54469573011
54469596012
54469600012
54469601010
54469651015
54469657012
54469663010
54469697018
54469734019
54469738010
54469742012
54469808011
54469809019
54469840014
54327990019
54328058014
54328063014
54328109015
54328138014
54328218014
54328244010
54328246015
54328256014
54328287019
54328300010
54328346013
54328468015
54328469013
54328505014
54328550010
54328577013
54328607018
54328682011
54328748010
54328814010
54328839017
54328858017
54328861011
54328863017
54328870012
54328875011
54328876019
54328884013
54328969012
54328977015
54329084019
54329113016
54329114014
54329143013
54329158011
54329191012
54329233012
54329294014
54329314010
54329320017
54329325016
54329336013
54329344017
54329370012
54329381019
54329400017
54329440013
54329443017
54329470010
54329642014
54329652013
54329658010
54329716016
54329785011
54329787017
54329791019
54329801016
54329815016
54329934015
54329988011
54330002018
54330010011
54330011019
54330012017
54330016018
54330019012
54330024012
54330028013
54330045017
54330050017
54330051015
54330064018
54330080014
54330110019
54330126015
54330130017
54330140016
54330157010
54330162010
54330165013
54330176010
54330183016
54330194013
54330204010
54330205017
54330208011
54330212013
54330215016
54330250013
54330253017
54330254015
54330260012
54330262018
54330283014
54330297014
54330311013
54330344014
54330363014
54330427017
54330442016
54330454011
54330472013
54330474019
54330482012
54330500011
54330506018
54330508014
54330518013
54330522015
54330525018
54330555015
54330566012
54330575013
54330578017
54330599013
54330612014
54330618011
54330619019
54330637011
54330638019
54330642011
54330651012
54330654016
54330657019
54330660013
54330666010
54330680011
54330682017
54330703011
54330710016
54330712012
54330718019
54330722011
54330723019
54330724017
54330727010
54330738017
54330743017
54330744015
54330748016
54330776017
54330828016
54330832018
54330840011
54330842017
54330854012
54330856017
54330863013
54330893010
54330965016
54330988018
54331024011
54331033012
54331049018
54331053010
54331062011
54331071012
54331088016
54331112014
54331117013
54331121015
54331139017
54331151012
54331169014
54331173016
54331198013
54331254014
54331257017
54331263015
54331265010
54331279011
54331293012
54331322019
54331323017
54331331010
54331335011
54331336019
54331346018
54331349012
54331359011
54331363013
54331365018
54331368012
54331381015
54331382013
54331383011
54331392012
54331393010
54331395015
54331398019
54331402019
54331405012
54331411010
54331412018
54331413016
54331425010
54331426018
54331444011
54331448012
54331457013
54331474018
54331484017
54331509011
54331541014
54331601016
54331604010
54331636012
54331642010
54331656010
54331668015
54331675010
54331699010
54331703010
54331711013
54331714017
54331716012
54331718018
54331733017
54331737018
54331749013
54331780018
54331783012
54331785017
54331789019
54331794019
54331808017
54331812019
54331826019
54331830011
54331856016
54331881014
54331899016
54331900012
54331914013
54331919012
54331932015
54331939010
54331949019
54331951015
54331952013
54331962012
54331967011
54331974017
54331985013
54331993017
54331997018
54332003014
54332009011
54332012015
54332020018
54332030017
54332045015
54332095010
54332125015
54332141012
54332149015
54332169013
54332181018
54332187015
54332197014
54332208019
54332216012
54332228017
54332231011
54332233017
54332237018
54332248015
54332253015
54332273013
54332281016
54332284010
54332287013
54332306011
54332308017
54332318016
54332324014
54332325011
54332333015
54332342016
54332353013
54332354011
54332357014
54332374019
54332388019
54332397010
54332399016
54332422016
54332437014
54332439010
54332449019
54332453011
54332454019
54332457012
54332460016
54332461014
54332473019
54332498016
54332500019
54332502015
54332513012
54332518011
54332522013
54332525016
54332548018
54332552010
54332554016
54332570012
54332574014
54332587016
54332603011
54332611014
54332627010
54332643017
54332644015
54332669012
54332679011
54332682015
54332735011
54332736019
54332766016
54332805012
54332814014
54332821019
54332827016
54332836017
54332865016
54333185018
54333198011
54333241019
54333246018
54333280017
54333311010
54333319013
54333324013
54333330010
54333337015
54333366014
54333368010
54333379017
54333388018
54333391012
54333398017
54333400011
54333407016
54333411018
54333416017
54333441015
54333445016
54333454018
54333467010
54333476011
54333484015
54333494014
54333502014
54333507013
54333511015
54333513011
54333521014
54333529017
54333530015
54333551011
54333557018
54333591017
54333601014
54333607011
54333624016
54333628017
54333638016
54333640012
54333660010
54333666017
54333678012
54333704016
54333710013
54333712019
54333713017
54333720012
54333749011
54333755018
54333769019
54333844010
54333870015
54333895012
54333915018
54333976010
54333992017
54334001016
54334069013
54334110015
54334121012
54334200014
54334221010
54334228015
54334269019
54334274019
54334284018
54334315010
54334375014
54334397018
54334407015
54334417014
54334425017
54334429019
54334439018
54334467019
54334561019
54334572016
54334582015
54334631010
54334648014
54334659011
54334667014
54334727016
54334741017
54334790014
54334820019
54334845016
54334852012
54334857011
54334859017
54334861013
54334864017
54334876011
54334886010
54334924019
54334931014
54334974014
54335016013
54335069012
54335090018
54335171016
54335210012
54335218015
54335220011
54335269018
54335290014
54335299015
54335403013
54335503010
54335519016
54335527019
54335573013
54335580018
54335588011
54335631019
54335633015
54335647015
54335667013
54335672013
54335715010
54335721018
54335739010
54335841014
54335854017
54335857010
54335890011
54335927011
54336031011
54336041010
54336043016
54336066017
54336068013
54336080018
54336103018
54336111011
54336117018
54336127017
54336150019
54336317014
54336334019
54336361012
54336381010
54336395010
54336396018
54336429017
54336435014
54336458016
54336605012
54336613016
54336617017
54336733012
54336741015
54336857019
54336869014
54336874014
54336876019
54336899011
54336911014
54337055019
54337077013
54337091014
54337096013
54337154010
54337161015
54337204013
54337262011
54337269016
54337283017
54337392016
54337431012
54337446010
54337560018
54337611019
54337617016
54337695012
54337701018
54337704012
54337748019
54337751013
54337808011
54337827011
54337901014
54337913019
54337948015
54337960010
54338007019
54338115010
54338252011
54338323010
54338342010
54338354015
54338497012
54338524013
54338573010
54338666012
54338671012
54338725016
54338783015
54338875019
54338911012
54338991014
54339013016
54339024013
54339025010
54339026018
54339050018
54339102017
54339172010
54339174016
54339188016
54339189014
54339256011
54339280011
54339294012
54339332010
54339345012
54339361019
54339362017
54339394010
54339406012
54339417019
54339439013
54339441019
54339457015
54339468012
54339471016
54339475017
54339507017
54339510011
54339511019
54339513015
54339521018
54339526017
54339532015
54339535018
54339545017
54339547013
54339568019
54339569017
54339590013
54339593017
54339595012
54339601018
54339603014
54339609011
54339611017
54339614011
54339632013
54339633011
54339634019
54339645015
54339649017
54339650015
54339664016
54339665013
54339668017
54339675012
54339692017
54339696018
54339720016
54339725015
54339736012
54339740014
54339747019
54339768015
54339769013
54339770011
54339782016
54339792015
54339798012
54339808019
54339812011
54339814017
54339818018
54339821012
54339843016
54339848015
54339849013
54339862016
54339864012
54339877014
54339878012
54339881016
54339888011
54339890017
54339892013
54339897012
54339898010
54339899018
54339900014
54339909015
54339914015
54339919014
54339920012
54339925011
27506087013
54339933015
54339937016
54340008013
54340009011
54340016016
54340017014
54340041014
54340042012
54340049017
54340053019
54340055014
54340061012
54340074015
54340078016
54340079014
54340086019
54340087017
54340092017
54340093015
54340115016
54340126013
54340139016
54340141012
54340144016
54340146011
54340170011
54340175010
54340183014
54340184012
54340188013
54340208019
54340226011
54340233017
54340239014
54340241010
54340246019
54340247017
54340254013
54340272015
54340276016
54340302010
54340317018
54340320012
54340323016
54340325011
54340344012
54340352015
54340353013
54340357014
54340358012
54340366015
54340403016
54340404014
54340406019
54340407017
54340418014
54340421018
54340428013
54340450017
54340451015
54340466013
54340469017
54340475014
54340477010
54340484016
54340503013
54340509010
54340535015
54340542011
54340553018
54340557019
54340559015
54340560013
54340563017
54340572018
54340579013
54340600017
54340608010
54340636011
54340645012
54340665010
54340666018
54340670010
54340676017
54340679011
54340684011
54340687014
54340692014
54340694010
54340696015
54340699019
54340736019
54340746018
54340752016
54340756017
54340770018
54340779019
54340782013
54340783011
54340786014
54340798019
54340803017
54340820011
54340831018
54340842015
54340851016
54340852014
54340872012
54340903015
54340909012
54340934010
54340944019
54340946014
54340947012
54340993016
54341009010
54341011016
54341071010
54341093014
54341109018
54341111014
54341118019
54341150012
54341168014
54341179011
54341212010
54341234014
54341240011
54341259011
54341260019
54341265018
54341266016
54341267014
54341280017
54341293010
54341295015
54341310012
54341312018
54341322017
54341335019
54341344011
54341348012
54341350018
54341352014
54341364019
54341375015
54341381013
54341386012
54341390014
54341397019
54341400011
54341402017
54341410010
54341417015
54341435017
54341436015
54341459017
54341465014
54341469016
54341473018
54341478017
54341484015
54341487018
54341489014
54341490012
54341493016
54341500018
54341508011
54341536012
54341539016
54341591017
54341592015
54341595018
54341596016
54341598012
54341620014
54341622010
54341669011
54341689019
54341697012
54341722018
54341755018
54341776014
54341782012
54341784018
54341785015
54341800012
54341803016
54341811019
54341837014
54341838012
54341841016
54341860016
54341862012
54341892019
54341904012
54341960014
54341962010
54341984014
54342005017
54342010017
54342023010
54342029017
54342046011
54342062018
54342065011
54342072017
54342091017
54342100016
54342119016
54342120014
54342122010
54342124016
54342126011
54342158014
54342160010
54342162016
54342176016
54342177014
54342182014
54342193011
54342198010
54342220012
54342239012
54342245019
54342247015
54342252015
54342257014
54342262014
54342273011
54342283010
54342285015
54342293019
54342314013
54342371013
54342378018
54342381012
54342384016
54342385013
54342391011
54342393017
54342426015
54342435016
54342437012
54342438010
54342465013
54342489013
54342499012
54342520015
54342530014
54342533018
54342535013
54342560011
54342562017
54342568014
54342575019
54342586016
54342593012
54342596015
54342603019
54342610014
54342673012
54342683011
54342715011
54342718015
54342728014
54342734012
54342735019
54342737015
54342754010
54342755017
54342770016
54342783019
54342793018
54342813014
54342819011
54342827014
54342836015
54342851014
54342864017
54342865014
54342867010
54342868018
54342869016
54342878017
54342880013
54342884015
54342885012
54342886010
54342909010
54342923011
54342926014
54342934018
54342935015
54342940015
54342943019
54342947010
54342950014
54342954016
54342956011
54342960013
54342965012
54342966010
54342968016
54342972018
54342974014
54342977017
54342986018
54342988014
54342992016
54342996017
54342999011
54343008010
54343020015
54343023019
54343029016
54343031012
54343042019
54343052018
54343063015
54343095017
54343096015
54343099019
54343103019
54343132018
54343164011
54343172014
54343174010
54343175017
54343182013
54343186014
54343199017
54343209014
54343212018
54343214014
54343216019
54343221019
54343232016
54343233014
54343248012
54343256015
54343267012
54343268010
54343270016
54343279017
54343287010
54343294016
54343299015
54343307016
54343312016
54343321017
54343343011
54343344019
54343347012
54343357011
54343376011
54343378017
54343389014
54343395011
54343405018
54343407014
54343412014
54343423011
54343470012
54343472018
54343481019
54343483015
54343485010
54343492016
54343505015
54343509017
54343513019
54343569011
54212582012
54212583010
54212592011
54212606019
54212625019
54212626017
54212632015
54212660016
54212666013
54212677010
54212681012
54212684016
54212693017
54212696010
54212708013
54212720018
54212722014
54212733011
54212736014
54212739018
54212745015
54212750015
54212756012
54212766011
54212771011
54212794013
54212818010
54212822012
54212827011
54212829017
54212831013
54212840014
54212844016
54212848017
54212849015
54212857018
54212858016
54212875010
54212880010
54212881018
54212891017
54212895018
54212914017
54212917010
54212929015
54212933017
54212956018
54212959012
54212968013
54212986015
54212993011
54212999018
54213022018
54213031019
54213042016
54213058012
54213068011
54213078010
54213081014
54213090015
54213097010
54213117016
54213118014
54213122016
54213141016
54213147013
54213155016
54213157012
54213163010
54213169017
54213207015
54213224010
54213225017
54213257010
54213258018
54213264016
54213265013
54213275012
54213291019
54213293015
54213296018
54213303012
54213304010
54213310017
54213313011
54213314019
54213320016
54213332011
54213361010
54213370011
54213379012
54213382016
54213389011
54213391017
54213403010
54213408019
54213411013
54213419016
54213422010
54213450011
54213461018
54213488011
54213490017
54213510012
54213518015
54213529012
54213550018
54213562013
54213572012
54213575015
54213580015
54213585014
54213586012
54213593018
54213594016
54213604013
54213607016
54213610010
54213611018
54213641015
54213645016
54213651014
54213709010
54213716015
54213736013
54213753018
54213756011
54213791018
54213800017
54213802013
54213803011
54213807012
54213812012
54213819017
54213822011
54213826012
54213840013
54213843017
54213847018
54213880019
54213881017
54213884011
54213910014
54213921011
54213926010
54213931010
54213938015
54213943015
54213953014
54213959011
54213970018
54213972014
54213982013
54213991014
54214016019
54214023015
54214027016
54214030010
54214033014
54214044011
54214054010
54214058011
54214060017
54214063011
54214073010
54214079017
54214089016
54214096011
54214101019
54214105010
54214111018
54214127014
54214136015
54214145016
54214158019
54214161013
54214163019
54214168018
54214192018
54214197017
54214201017
54214210018
54214213012
54214238019
54214239017
54214240015
54214242011
54214245014
54214256011
54214265012
54214286018
54214303011
54214308010
54214309018
54214311014
54214312012
54214333018
54214335013
54214338017
54214348016
54214396015
54214397013
54214424015
54214427018
54214435011
54214437017
54214438015
54214441019
54214443015
54214451018
54214460019
54214475017
54214512017
54214520010
54214529011
54214543012
54214545017
54214549019
54214562012
54214568019
54214569017
54214593017
54214601018
54214623012
54214626015
54214629019
54214665013
54214673017
54214684014
54214686019
54214687017
54214693015
54214697016
54214699012
54214700018
54214702014
54214708011
54214711015
54214726013
54214736012
54214752019
54214753017
54214757018
54214762018
54214774013
54214785019
54214788013
54214790019
54214809017
54214822010
54214830013
54214845011
54214854013
54214859012
54214860010
54214885017
54214897012
54214916010
54214963012
54214994017
54214998018
54215022016
54215027015
54215039010
54215051015
54215052013
54215060016
54215069017
54215083018
54215099014
54215106017
54215109011
54215112015
54215117014
54215122014
54215146013
54215154017
54215161012
54215168017
54215170013
54215182018
54215190011
54215192017
54215200018
54215202014
54215205017
54215209019
54215215016
54215218010
54215220016
54215232011
54215237010
54215242010
54215243018
54215244016
54215267017
54215271019
54215299010
54215315014
54215353015
54215361018
54215367015
54215381016
54215383012
54215407019
54215449011
54215452015
54215474019
54215477012
54215480016
54215490015
54215492011
54215507016
54215530018
54215539019
54215548010
54215549018
54215551014
54215556013
54215578017
54215593016
54215602015
54215605018
54215610018
54215630016
54215633010
54215634018
54215642011
54215649016
54215663017
54215692016
54215721013
54215733018
54215734016
54215737019
54215740013
54215754014
54215755011
54215791016
54215792014
54215795017
54215798011
54215808018
54215834014
54215854012
54215856017
54215867014
54215878011
54215906010
54215907018
54215908016
54215911010
54215924013
54215937015
54215940019
54215944011
54215955017
54215963011
54215967012
54215975015
54215977011
54215991012
54215999015
54216000011
54216007016
54216031016
54216036015
54216039019
54216045016
54216046014
54216067010
54216068018
54216069016
54216079015
54216081011
54216090012
54216092018
54216093016
54216097017
54216129018
54216139017
54216143019
54216171010
54216177017
54216183015
54216192016
54216210016
54216215015
54216221013
54216224017
54216226012
54216234016
54216266018
54216283013
54216291016
54216295017
54216296015
54216338015
54216342017
54216349012
54216351018
54216357015
54216384019
54216398019
54216402019
54216405012
54216435019
54216446016
54216460017
54216473010
54216476013
54216492010
54216497019
54216508013
54216521016
54216540016
54216544018
54216548019
54216571011
54216572019
54216576010
54216577018
54216596018
54216597016
54216599012
54216607013
54216620016
54216621014
54216630015
54216646011
54216650013
54216655012
54216667017
54216670011
54216684012
54216702012
54216723018
54216731011
54216733017
54216735012
54216741010
54216742018
54216752017
54216758014
54216782014
54216783012
54216788011
54216798010
54216818016
54216826019
54216833015
54216836018
54216843014
54216844012
54216857014
54216863012
54216897010
54216904014
54216914013
54216936016
54216955016
54216956014
54216957012
54216966013
54216990013
54217014011
54217018012
54217020018
54217031015
54217033011
54217043010
54217044018
54217048019
54217050015
54217055014
54217062010
54217063018
54217064016
54217111015
54217112013
54217117012
54217162018
54217165011
54217166019
54217181018
54217185019
54217190019
54217201014
54217205015
54217206013
54217212011
54217219016
54217227019
54217233017
54217236010
54217262016
54217265019
54217276016
54217319014
54217337016
54217350019
54217352015
54217354011
54217357014
54217381014
54217386013
54217395014
54217397010
54217412017
54217416018
54217417016
54217420010
54217458010
54217459018
54217460016
54217467011
54217471013
54217472011
54217474017
54217490013
54217514010
54217527012
54217543019
54217587016
54217590010
54217609018
54217638017
54217639015
54217646010
54217658015
54217669012
54217670010
54217675019
54217681017
54217684011
54217690018
54217745010
54217758013
54217767014
54217786014
54217795015
54217799017
54217800013
54217817017
54217828014
54217849010
54217857013
54217861015
54217862013
54217868010
54217877011
54217886012
54217901019
54217902017
54217914012
54217917015
54217946014
54217950016
54217956013
54217978017
54217992018
54217995011
54218023011
54218025016
54218028010
54218051012
54218059015
54218094012
54218125014
54218129016
54218135013
54218142019
54218145012
54218151010
54218166018
54218167016
54218169012
54218187014
54218195017
54218204017
54218208018
54218215013
54218221011
54218226010
54218248014
54218249012
54218254012
54218282013
54218311010
54218342015
54218359019
54218377011
54218384017
54218386012
54218399015
54218454018
54218498015
54218542010
54218547019
54218558016
54218594011
54218600016
54218610015
54218614017
54218616012
54218617010
54218653015
54218656018
54218718016
54218725011
54218728015
54218740010
54218770017
54218773011
54218774019
54218787011
54218788019
54218800012
54218806019
54218810011
54218811019
54218815010
54218822016
54218854019
54218857012
54218885013
54218887019
54218911017
54218917014
54218924010
54218961012
54218964016
54218965013
54218971011
54218981010
54218982018
54218988015
54218990011
54218994013
54218997016
54218999012
54219010017
54219012013
54219020016
54219026013
54219027011
54219037010
54219051011
54219068015
54219102012
54219110015
54219123018
54219127019
54219131011
54219135012
54219138016
54219141010
54219157016
54219168013
54219189019
54219193011
54219204016
54219209015
54219211011
54219213017
54219217018
54219224014
54219228015
54219230011
54219252015
54219257014
54219258012
54219263012
54219266015
54219275016
54219300012
54219316018
54219323014
54219337014
54219355016
54219369017
54219370015
54219371013
54219403014
54219414011
54219427013
54219429019
54219437012
54219445015
54219469015
54219484014
54219497016
54219533018
54219553016
54219556019
54219559013
54219587014
54219627018
54219629014
54219638015
54219646018
54219649012
54219683011
54219684019
54219686014
54219692012
54219693010
54219701011
54219711010
54219722017
54219728014
54219729012
54219738013
54219739011
54219741017
54219742015
54219749010
54219754010
54219756015
54219758011
54219768010
54219783019
54219793018
54219797019
54219805010
54219816017
54219818013
54219823013
54219857011
54219866012
54219871012
54219872010
54219873018
54219889014
54219894014
54219939017
54219954016
54219957019
54219965012
54219975011
54219980011
54220009016
54220019015
54220025012
54220032018
54220037017
54220057015
54220073012
54220091014
54220094018
54220096013
54220098019
54220118015
54220132016
54220135019
54220171014
54220174018
54220176013
54220210010
54220211018
54220214012
54220222015
54220223013
54220226016
54220228012
54220262011
54220290012
54220311016
54220315017
54220320017
54220322013
54220327012
54220334018
54220354016
54220387016
54220397015
54220403011
54220421013
54220430014
54220438017
54220441011
54220445012
54220491016
54220495017
54220504016
54220533015
54220538014
54220539012
54220556016
54220563012
54220564010
54220570017
54220586013
54220607017
54220619012
54220627015
54220640018
54220647013
54220648011
54220653011
54220654019
54220657012
54220658010
54220660016
54220681012
54220687019
54220700010
54220710019
54220729019
54220730017
54220752011
54220753019
54220760014
54220771011
54220779014
54220784014
54220787017
54220789013
54220795010
54220813011
54220828019
54220842010
54220844016
54220847019
54220849015
54220862018
54220870011
54220881018
54220892015
54220901014
54220903010
54220904018
54220906013
54220912011
54220918018
54220926011
54220938016
54220939014
54220942018
54220949013
54220953015
54220958014
54220961018
54220965019
54220972015
54220985017
54220988011
54221004016
54221011011
54221076014
54221079018
54221093019
54221115010
54221121018
54221141016
54221158010
54221180014
54221182010
54221195012
54221199014
54221208013
54221209011
54221218012
54221224010
54221225017
54221246013
54221247011
54221248019
54221254017
54221266011
54221286019
54221293015
54221300018
54221312013
54221329017
54221334017
54221335014
54221343018
54221346011
54221347019
54221352019
54221356010
54221368015
54221369013
54221373015
54221386017
54221387015
54221392015
54221400016
54221411013
54221414017
54221421012
54221422010
54221474011
54221475018
54221478012
54221488011
54221491015
54221499018
54221513016
54221534012
54221551016
54221557013
54221564019
54221573010
54221580015
54221581013
54221604013
54221608014
54221624011
54221642013
54221646014
54221649018
54221665014
54221712014
54221713012
54221720017
54221722013
54221751012
54221752010
54221777017
54221794012
54221803011
54221811014
54221828018
54221839015
54221849014
54221851010
54221853016
54221859013
54221867016
54221868014
54221876017
54221887014
54221888012
54221891016
54221920013
54221928016
54221948014
54221951018
54221955019
54221969010
54221973012
54221983011
54222002019
54222015011
54222060017
54222066014
54222091012
54222093018
54222120019
54222129010
54222157011
54222160015
54222168018
54222175013
54222176011
54222177019
54222187018
54222195011
54222202015
54222210018
54222246012
54222254016
54222261011
54222278015
54222279013
54222291018
54222308010
54222320015
54222330014
54222338017
54222339015
54222347018
54222353016
54222369012
54222378013
54222379011
54222382015
54222418017
54222420013
54222442017
54222456017
54222458013
54222487012
54222507017
54222508015
54222510011
54222511019
54222515010
54222533013
54222567011
54222574017
54222582010
54222586011
54222589015
54222592019
54222596010
54222597018
54222599014
54075738016
54075778012
54075783012
54075804016
54075809015
54075830011
54075890015
54075907017
54075915010
54075993017
54075995012
54076018012
54076022014
54076039018
54076042012
54076048019
54076075012
54076090011
54076110017
54076117012
54076125015
54076133019
54076135014
54076142010
54076143018
54076163016
54076174013
54076186017
54076199010
54076236010
54076241010
54076252017
54076254013
54076256018
54076260010
54076261018
54076279010
54076280018
54076281016
54076298010
54076386013
54076400012
54076414013
54076422016
54076426017
54076442014
54076461014
54076474017
54076480014
54076491011
54076499014
54076514010
54076533010
54076541013
54076542011
54076550014
54076561011
54076571010
54076581019
54076593014
54076617011
54076656019
54076674012
54076681017
54076688012
54076696015
54076715013
54076716011
54076728016
54076770018
54076774010
54076799017
54076802019
54076806010
54076811010
54076828014
54076835019
54076840019
54076846016
54076847014
54076875015
54076894016
54076901019
54076906018
54076988016
54077008012
54077012014
54077029018
54077033010
54077037011
54077039017
54077048018
54077063017
54077078015
54077080011
54077093014
54077098013
54077103011
54077108010
54077143017
54077254012
54077255019
54077261017
54077269010
54077315011
54077328014
54077329012
54077333014
54077338013
54077348012
54077357013
54077358011
54077378019
54077409012
54077425018
54077434010
54077444019
54077451014
54077454018
54077481011
54077539016
54077591017
54077609017
54077633017
54077646019
54077676016
54077687013
54077772013
54077786013
54077790015
54077799016
54077810011
54077820010
54077834011
54077835018
54077846015
54077852013
54077866013
54077870015
54077885013
54077889015
54077891011
54077903014
54077932013
54077934019
54077949017
54077961012
54077966011
54077986019
54078011015
54078015016
54078033019
54078045013
54078098012
54078195016
54078196014
54078201012
54078206011
54078244012
54078248013
54078275016
54078341016
54078370015
54078416016
54078417014
54078431015
54078468017
54078470013
54078475012
54078493015
54078502013
54078524017
54078531012
54078544015
54078553016
54078564013
54078574012
54078587014
54078600015
54078608018
54078613018
54078625012
54078629014
54078630012
54078631010
54078656017
54078673012
54078678011
54078680017
54078685016
54078691014
54078694018
54078695015
54078707018
54078709014
54078715011
54078731018
54078738013
54078744011
54078749010
54078784017
54078788018
54078796011
54078805010
54078821017
54078838011
54078841015
54078847012
54078852012
54078871012
54078879015
54078881011
54078885012
54078892018
54078895011
54078899013
54078900019
54078902015
54078904011
54078911016
54078924019
54078927012
54078949016
54078953018
54078975011
54078980011
54078995019
54079005016
54079072016
54079080019
54079081017
54079087014
54079092014
54079095017
54079105014
54079111012
54079115013
54079127018
54079137017
54079142017
54079146018
54079148014
54079158013
54079163013
54079168012
54079188010
54079193010
54079199017
54079212018
54079219013
54079224013
54079226018
54079227016
54079238013
54079247014
54079249010
54079256015
54079264019
54079284017
54079307016
54079308014
54079315019
54079316017
54079322015
54079330018
54079343011
54079354018
54079371012
54079385012
54079399013
54079405018
54079418011
54079437011
54079441013
54079458017
54079473016
54079506013
54079507011
54079525013
54079538016
54079541010
54079561018
54079595016
54079611011
54079618016
54079620012
54079624014
54079629013
54079635010
54079645019
54079657014
54079690015
54079699016
54079702018
54079718014
54079736016
54079757012
54079779016
54079784016
54079786011
54079797018
54079810019
54079819010
54079823012
54079824010
54079829019
54079846013
54079859016
54079864016
54079947019
54079966019
54079971019
54080007019
54080012019
54080025011
54080057014
54080074019
54080078010
54080098018
54080128013
54080133013
54080157012
54080165015
54080186011
54080217014
54080226015
54080228011
54080266011
54080291019
54080314019
54080365011
54080384012
54080417010
54080422010
54080443016
54080478012
54080481016
54080529012
54080531018
54080584017
54080636015
54080641015
54080678017
54080683017
54080690012
54080752010
54080756011
54080804019
54080810016
54080827010
54080834016
54080877015
54080893012
54080901013
54080950010
54080951018
54080954012
54080956017
54080982013
54080994018
54081017017
54081060017
54081101019
54081109012
54081111018
54081120019
54081128012
54081131016
54081173018
54081179015
54081201017
54081210018
54081227012
54081241013
54081244017
54081280011
54081295019
54081298013
54081322011
54081325014
54081346010
54081352018
54081441019
54081454012
54081474010
54081477013
54081490016
54081533013
54081534011
54081537014
54081539010
54081567011
54081569017
54081580014
54081609011
54081611017
54081615018
54081645015
54081646013
54081649017
54081652011
54081654017
54081678016
54081700018
54081712013
54081768015
54081804018
54081819016
54081871017
54081883012
54081893011
54081901012
54081910013
54081933015
54081946017
54081961016
54081990015
54082010011
54082015010
54082045017
54082141014
54082142012
54082222012
54082235014
54082261010
54082264014
54082270011
54082279012
54082281018
54082351019
54082406011
54082407019
54082409015
54082434013
54082454011
54082482012
54082490015
54082625016
54082683015
54082689012
54082690010
54082734016
54083004013
54083033012
54083076011
54083085012
54083112014
54083116015
54083122013
54083129018
54083147010
54083152010
54083197015
54083205016
54083223019
54083238017
54083292014
54083299019
54083340011
54083395015
54083449010
54083462013
54083470016
54083489016
54083497019
54083500010
54083516016
54083536014
54083550015
54083564016
54083607013
54083620016
54083621014
54083622012
54083657018
54083679012
54083716012
54083721012
54083778012
54083807019
54083822018
54083827017
54083831019
54083841018
54083843014
54083845019
54083849011
54083858012
54083890015
54083946015
54083947013
54083956014
54083972011
54083976012
54083981012
54083984016
54083992019
54084004012
54084005019
54084007015
54084082018
54084097016
54084119018
54084128019
54084306011
54084321010
54084355018
54084364010
54084366015
54084411019
54084432015
54084437014
54084440018
54084445017
54084454019
54084464018
54084495012
54084510018
54084549016
54084721011
54084758013
54084768012
54084774010
54084785016
54084787012
54084791014
54084798019
54084820011
54084826018
54084849010
54084862013
54084873010
54084880015
54084915019
54084955015
54084971012
54084980013
54085006016
54085011016
54085047010
54085085010
54085161019
54085253014
54085254012
54085259011
54085260019
54085270018
54085276015
54085334012
54085488016
54085493016
54085523010
54085525015
54085530015
54085545013
54085550013
54085561010
54085582016
54085594011
54085607011
54085748013
54085751017
54085764010
54085791013
54085814013
54085841016
54085858010
54085867011
54085872011
54085922014
54085934019
54085941014
54085943010
54085991019
54086001016
54086034017
54086040014
54086080010
54086096016
54086099010
54086106013
54086115014
54086130013
54086203018
54086266015
54086277012
54086282012
54086283010
54086522011
54086539015
54086593012
54086616011
54086653014
54086677013
54086694018
54086700013
54086718015
54086738013
54086779017
54086812016
54086814012
54086822015
54086836015
54086874016
54086889014
54086890012
54086903013
54086913012
54086925016
54086998013
54087006014
54087011014
54087018019
54087037019
54087046010
54087053016
54087057017
54087155019
54087163013
54087170018
54087186014
54087192012
54087215011
54087218015
54087247014
54087248012
54087271014
54087283019
54087307016
54087308014
54087309012
54087319011
54087322015
54087380013
54087387018
54087405018
54087475011
54087498013
54087506013
54087529015
54087533017
54087543016
54087576016
54087591015
54087598010
54087630011
54087639012
54087641018
54087647015
54087667013
54087677012
54087720010
54087747013
54087810019
54087850015
54087856012
54087866011
54087879014
54087880012
54087881010
54087922012
54087932011
54087936012
54087950013
54087955012
54087956010
54088001014
54088005015
54088029015
54088040012
54088080018
54088091015
54088121010
54088147015
54088187011
54088213015
54088214013
54088218014
54088250017
54088264018
54088265015
54088280014
54088284016
54088306017
54088336014
54088382018
54088385011
54088388015
54088410017
54088419018
54088426013
54088427011
54088430015
54088435014
54088446011
54088450013
54088458016
54088465011
54088474013
54088519015
54088533016
54088534014
54088559011
54088571016
54088576015
54088634012
54088648012
54088668010
54088675015
54088679017
54088691012
54088716017
54088721017
54088741015
54088761013
54088764017
54088775013
54088797017
54088827012
54088838019
54088849016
54088860013
54088863017
54088875011
54088878015
54088884013
54088886018
54088903011
54088913010
54088924017
54088925014
54088927010
54088933018
54088995017
54088998011
54089002011
54089012010
54089017019
54089022019
54089024015
54089056017
54089068012
54089085016
54089123015
54089146016
54089150018
54089151016
54089168010
54089176013
54089177011
54089178019
54089186012
54089189016
54089197019
54089200011
54089208014
54089211018
54089213014
54089243011
54089249018
54089339017
54089362019
54089380011
54089387016
54089400017
54089411014
54089415015
54089418019
54089433018
54089434016
54089447018
54089448016
54089457017
54089460011
54089463015
54089474012
54089485018
54089507019
54089510013
54089525011
54089527017
54089560018
54089564010
54089584018
54089588019
54089597010
54089629011
54089659018
54089665015
54089672011
54089676012
54089707015
54089724010
54089779014
54089856010
54089869013
54089882016
54089960010
54089981016
54089991015
54090001010
54090012017
54090026017
54090027015
54090035018
54090039010
54090047013
54090053011
54090057012
54090061014
54090071013
54090076012
54090096010
54090099014
54090100010
54090103014
54090113013
54090116016
54090120018
54090127013
54090139018
54090147011
54090150015
54090151013
54090176010
54090179014
54090188015
54090191019
54090203012
54090229017
54090233019
54090255012
54090494017
54090496012
54090499016
54090527014
54090656011
54090659015
54090688014
54090690010
54090716013
54090725014
54090746010
54090895015
54090897011
54090915011
54090923015
54090925010
54090932016
54090947014
54090965016
54090967012
54090986012
54091001019
54091004013
54091008014
54091018013
54091026016
54091059017
54091065014
54091069016
54091081011
54091096019
54091133010
54091138019
54091142011
54091158017
54091168016
54091174014
54091191018
54091212012
54091220015
54091231012
54091238017
54091248016
54091270010
54091282015
54091318017
54091339013
54091358013
54091360019
54091362015
54091370018
54091390016
54091394018
54091435019
54091444011
54091459019
54091473010
54091493018
54091496011
54091500010
54091518012
54091522014
54091541014
54091543010
54091582018
54091585011
54091611015
54091618010
54091627011
54091628019
54091630015
54091644016
54091657018
54091659014
54091704018
54091721012
54091732019
54091736010
54091747017
54091752017
54091758014
54091760010
54091765019
54091776016
54091805013
54091814015
54091816010
54091817018
54091827017
54091841018
54091856016
54091890015
54091894017
54091895014
54091904014
54091940018
54091949019
54091951015
54091969017
54091970015
54091978018
54091979016
54091985013
54091990013
54091998016
54092005019
54092006017
54092020018
54092064016
54092101016
54092192015
54092207011
54092226011
54092241010
54092271017
54092274011
54092277014
54092284010
54092300014
54092309015
54092327017
54092351017
54092377012
54092378010
54092380016
54092386013
54092406019
54092415010
54092419012
54092427015
54092438012
54092441016
54092501017
54092502015
54092504011
54092506016
54092507014
54092521015
54092522013
54092524019
54092527012
54092547010
54092556011
54092572018
54092575011
54092583015
54092591018
54092593014
54092596017
54092612012
54092622011
54092641011
54092680019
54092682015
54092688012
54092697013
54092699019
54092719015
54092723017
54092739013
54092778011
54092780017
54092782013
54092789018
54092827016
54092847014
54092850018
54092856015
54309891011
54309904012
54309910019
54309915018
54309921016
54309922014
54309931015
54309943010
54309957010
54309961012
54309963018
54309969015
54309993015
54309997016
54310000016
54310017010
54310026011
54310053015
54310069011
54310073013
54310076016
54310077014
54310083012
54310095016
54310115012
54310129013
54310130011
54310131019
54310132017
54310157014
54310172013
54310178010
54310187011
54310193019
54310202018
54310236016
54310258010
54310307015
54310317014
54310335016
54310339018
54310352011
54310377018
54310422012
54310446011
54310463016
54310471019
54310486017
54310549012
54310559011
54310620011
54310634012
54310656015
54310678019
54310688018
54310702017
54310705010
54310716017
54310758019
54310768018
54310814010
54310822013
54310823011
54310863017
54310884013
54310900017
54310909018
54310939015
54310940013
54310948016
54310951010
54310961019
54310963015
54310969012
54310976017
54311007010
54311009016
54311014016
54311020013
54311035011
54311053014
54311062015
54311068012
54311074010
54311075017
54311142015
54311176013
54311183019
54311203015
54311215019
54311222015
54311249018
54311285012
54311311016
54311320017
54311328010
54311356011
54311365012
54311368016
54311395019
54311437019
54311446010
54311454014
54311466018
54311485018
54311486016
54311487014
54311534013
54311554011
54311589017
54311662012
54311666013
54311725017
54311739018
54311751013
54311757010
54311847019
54311952017
54311976016
54311996014
54312001012
54312004016
54312005013
54312049011
54312090015
54312094017
54312111019
54312167011
54312182010
54312216016
54312231015
54312255014
54312276010
54312289013
54312297016
54312381018
54312419016
54312480018
54312489019
54312494019
54312572012
54312575015
54312578019
54312580015
54312581013
54312588018
54312593018
54312594016
54312600011
54312602017
54312607016
54312609012
54312638011
54312647012
54312653010
54312677019
54312687018
54312696019
54312700019
54312722013
54312850012
54312854014
54312868014
54312872016
54312875019
54312880019
54312887014
54312911012
54312922019
54312923017
54312925012
54312940011
54313010012
54313012018
54313027016
54313037015
54313041017
54313042015
54313066014
54313083019
54313088018
54313100011
54313125018
54313142013
54313165014
54313188016
54313191010
54313216015
54313219019
54313220017
54313252010
54313263017
54313272018
54313277017
54313292016
54313339015
54313350012
54313416011
54313423017
54313438015
54313461017
54313465018
54313497011
54313535018
54313550017
54313564018
54313570015
54313571013
54313575014
54313625017
54313641014
54313647011
54313649017
54313656012
54313662010
54313665013
54313670013
54313674015
54313684014
54313689013
54313726013
54313740014
54313748017
54313751011
54313786017
54313787015
54313790019
54313801014
54313812011
54313821012
54313845011
54313848015
54313870019
54313881016
54313883012
54313889019
54313904016
54313906011
54313908017
54313943014
54313972013
54313977012
54313992011
54313997010
54313999016
54314050017
54314088017
54314094015
54314096010
54314097018
54314117014
54314126015
54314136014
54314160014
54314170013
54314193015
54314210017
54314231013
54314233019
54314263016
54314275010
54314304018
54314315014
54314319016
54314327019
54314334015
54314352017
54314353015
54314366017
54314374011
54314379010
54314400014
54314404016
54314407019
54314440010
54314452015
54314455018
54314465017
54314505010
54314563019
54314584015
54314591010
54314594014
54314603013
54314625016
54314632012
54314647010
54314669014
54314686018
54314695019
54314698013
54314708010
54314712012
54314713010
54314718019
54314734016
54314745012
54314783013
54314790018
54314791016
54314810014
54314817019
54314829014
54314860019
54314878011
54314890016
54314993018
54315006018
54315013014
54315025018
54315031016
54315032014
54315034010
54315043011
54315044019
54315114010
54315121015
54315125016
54315147010
54315164015
54315182017
54315197015
54315232010
54315239015
54315241011
54315288012
54315327018
54315332018
54315350010
54315378011
54315389018
54315405012
54315413016
54315442015
54315453012
54315482011
54315501018
54315505019
54315508013
54315532013
54315544018
54315561012
54315590011
54315637010
54315652019
54315716012
54315719016
54315748015
54315771017
54315785017
54315824014
54315837016
54315851017
54315881014
54315893019
54315897010
54315901010
54315915010
54315935018
54315954019
54315994015
54316026015
54316055014
54316086019
54316091019
54316093015
54316114019
54316139016
54316141012
54316144016
54316145013
54316168015
54316171019
54316179012
54316182016
54316189011
54316195018
54316198012
54316202012
54316209017
54316231011
54316237018
54316250011
54316255010
54316258014
54316312019
54316331019
54316333015
54316340010
54316354011
54316363012
54316379018
54316383010
54316386013
54316388019
54316389017
54316408015
54316411019
54316412017
54316413015
54316425019
54316431017
54316447013
54316453011
54316546012
54316616013
54316623019
54316638017
54316642019
54316656019
54316661019
54316680019
54316681017
54316693012
54316703019
54316736019
54316737017
54316800013
54316824013
54316875015
54316909012
54316915019
54316917015
54316930018
54316937013
54316959017
54316994014
54317061011
54317098013
54317114018
54317115015
54317141011
54317163015
54317183013
54317209016
54317214016
54317219015
54317230012
54317297011
54317317017
54317343013
54317350018
54317453010
54317500018
54317510017
54317516014
54317520016
54317539016
54317549015
54317562018
54317567017
54317570011
54317594011
54317596016
54317597014
54317599010
54317991019
54318072017
54318124016
54318133017
54318138016
54318158014
54318170019
54318171017
54318172015
54318178012
54318192013
54318214015
54318217018
54318224014
54318306019
54318328013
54318372011
54318376012
54318404012
54318421016
54318445015
54318446013
54318468017
54318474015
54318476010
54318495010
54318497016
54318501015
54318513010
54318520015
54318523019
54318540013
54318567016
54318583013
54318592014
54318611012
54318625012
54318629014
54318631010
54318671016
54318679019
54318682013
54318688010
54318695015
54318731018
54318744011
54318746016
54318760017
54318782011
54318787010
54318807016
54318816017
54318820019
54318825018
54318826016
54318829010
54318840017
54318850016
54318860015
54318902015
54318903013
54318932012
54318969014
54319039015
54319065010
54319071018
54319080019
54319083013
54319104017
54319116011
54319118017
54319171016
54319175017
54319248012
54319254010
54319255017
54319259019
54319273010
54319299015
54319308014
54319311018
54319321017
54319343011
54319440015
54319548015
54319616010
54319672013
54319751015
54319754019
54319794015
54319831015
54319836014
54319841014
54319857010
54319904010
54320013017
54320086013
54320090015
54320165015
54320173019
54320203014
54320208013
54320213013
54320232013
54320235016
54320250015
54320268017
54320275012
54320278016
54320290011
54320303012
54320305017
54320326013
54320332011
54320344016
54320348017
54320350013
54320353017
54320355012
54320370011
54320376018
54320388013
54320408019
54320410015
54320421012
54320425013
54320438016
54320443016
54320453015
54320464012
54320466017
54320471017
54320474011
54320491015
54320500013
54320523015
54320537015
54320550018
54320557013
54320571014
54320572012
54320573010
54320575015
54320609012
54320630018
54320632014
54320643011
54320649018
54320653010
54320697017
54320730016
54320763017
54320775011
54320781019
54320787016
54320796017
54320799011
54320804019
54320812012
54320816013
54320914016
54320917019
54320979019
54320996013
54321003017
54321017017
54321018015
54321050018
54321073010
54321079017
54321087010
54321095013
54321106018
54321110010
54321142013
54321143011
54321166012
54321170014
54321173018
54321189014
54321208012
54321211016
54321508015
54321514013
54321517016
54321542014
54321558010
54321577010
54321579016
54321586011
54321594015
54321603014
54321609011
54321623012
54321639018
54321645015
54321648019
54321651013
54321659016
54321678016
54321683016
54321705017
54321714019
54321716014
54321734017
54321735014
54321738018
54321761010
54321767017
54321783014
54321786017
54321800016
54321824016
54321835012
54321854013
54321859012
54321871017
54321882014
54321897012
54321899018
54321902010
54321904016
54321913017
54321914015
54321952015
54321966015
54321978010
54321988019
54321990015
54321997010
54322005011
54322008015
54322016018
54322055016
54322067011
54322089015
54322101018
54322104012
54322112015
54322125017
54322145015
54322149017
54322161012
54322205017
54322210017
54322213011
54322222012
54322232011
54322233019
54322236012
54322256010
54322262018
54322271019
54322285019
54322299010
54322334015
54322342018
54322344014
54322356018
54322372015
54322375018
54322378012
54322379010
54322383012
54322391015
54322405013
54322435010
54322438014
54322439012
54322441018
54322443014
54322445019
54322457014
54322459010
54322474019
54322497010
54322513014
54322517015
54322522015
54322525018
54322527014
54322537013
54322560015
54322562011
54322571012
54322584015
54322590012
54322598015
54322609010
54322623011
54322679013
54322684013
54322699011
54322704019
54322707012
54322773014
54322787014
54322793012
54322795017
54322840011
54322851018
54322858013
54322932016
54322933014
54322952014
54322956015
54322970016
54322975015
54323002017
54323004013
54323005010
54323009012
54323014012
54323035017
54323037013
54323099013
54323108012
54323113012
54323136013
54323155013
54323156011
54323183015
54323199011
54323203011
54323204019
54323216013
54323246010
54323255011
54323269012
54323273014
54323278013
54323282015
54323306012
54323309016
54323344013
54323365018
54323381015
54323382013
54323385016
54323392012
54323406010
54323409014
54323422017
54323428014
54323431018
54323458011
54323463011
54323498017
54323508013
54323516016
54323518012
54323546013
54323557010
54323562010
54323570013
54323589013
54323598014
54323606015
54323607013
54323617012
54323620016
54323622012
54323646011
54323662018
54323676018
54323690019
54323714017
54323731011
54323733017
54323746019
54323750011
54323793011
54323796014
54323810013
54323821010
54323822018
54323829013
54323830011
54323832017
54323865017
54323866015
54323882012
54323906019
54323913015
54323914013
54323920010
54323950017
54323965015
54323997018
54324002016
54324030017
54324047011
54324050015
54324062010
54324069015
54324095010
54324096018
54324100018
54324102014
54324116014
54324120016
54324128019
54324155012
54324164014
54324167017
54324176018
54324182016
54324191017
54324200016
54324206013
54324214017
54324219016
54324224016
54324226011
54324237018
54324240012
54324262016
54324302010
54324326019
54324331019
54324339012
54324340010
54324344012
54324352015
54324363012
54324365017
54324366015
54324373011
54324378010
54324380016
54324410011
54324426017
54324429011
54324442014
54324457012
54324462012
54324471013
54324472011
54324477010
54324488017
54324496010
54324516015
54324519019
54324523011
54324533010
54324538019
54324542011
54324551012
54324556011
54324589012
54324630014
54324636011
54324645012
54324658015
54324684011
54324688012
54324689010
54324724015
54324726010
54324727018
54324735011
54324753014
54324767014
54324788010
54324815011
54324829012
54324983017
54324990012
54325001017
54325027012
54325122011
54325152018
54325160011
54325226010
54325283011
54325375015
54325376013
54325569013
54325698010
54325710013
54325721010
54325782012
54325809013
54325812017
54325988015
54326053017
54326056010
54326086017
54326116012
54326155010
54326165019
54326244012
54326275016
54326300012
54326304014
54326305011
54326308015
54326351015
54326355016
54326361014
54326366013
54326371013
54326372011
54326376012
54326668012
54326759019
54326767012
54326798017
54326838011
54326870014
54326956011
54327003011
54327216019
54327225010
54327243013
54327336015
54327369016
54327394014
54327415017
54327419019
54327494012
54327504018
54327517010
54327534015
54327578012
54327584010
54327597012
54327624014
54327695014
54327709013
54327737014
54327773019
54327775014
54327777010
54327789015
54327805019
54327809011
54327867019
54327880012
54327886019
54327890011
54327894013
54327953017
54327980010
54200209016
54200210014
54200224015
54200226010
54200230012
54200242017
54200249012
54200255019
54200257015
54200308016
54200313016
54200317017
54200319013
54200334012
54200340019
54200343013
54200344011
54200346016
54200347014
54200355017
54200380015
54200386012
54200395013
54200402017
54200407016
54200454018
54200458019
54200473018
54200487018
54200493016
54200504010
54200546011
54200547019
54200561010
54200568015
54200572017
54200583014
54200596016
54200612011
54200617010
54200642018
54200646019
54200649013
54200650011
54200695016
54200699018
54200708017
54200731019
54200768011
54200792011
54200796012
54200817016
54200830019
54200849019
54200851015
54200857012
54200868019
54200874017
54200888017
54200891011
54200893017
54200915018
54200917014
54200935016
54200936014
54200938010
54200946013
54200967019
54200990011
54200995010
54200996018
54201002014
54201006015
54201015016
54201018010
54201020016
54201032011
54201049015
54201061010
54201069013
54201078014
54201079012
54201083014
54201099010
54201102012
54201151019
54201153015
54201182014
54201197012
54201200014
54201204016
54201229013
54201237016
54201247015
54201251017
54201256016
54201257014
54201266015
54201275016
54201285015
54201295014
54201296012
54201334011
54201335018
54201338012
54201360016
54201366013
54201368019
54201395012
54201397018
54201436014
54201449017
54201547018
54201552018
54201568014
54201570010
54201571018
54201594010
54201606012
54201625012
54201644013
54201662015
54201667014
54201673012
54201677013
54201683011
54201705012
54201732016
54201738013
54201743013
54201777011
54201780015
54201790014
54201812016
54201817015
54201835017
54201849018
54201851014
54201858019
54201865014
54201867010
54201868018
54201874016
54201877019
54201894014
54201898015
54201910018
54201913012
54201921015
54201933010
54201934018
54201937011
54201949016
54201980011
54201983015
54201987016
54201990010
54202016013
54202022011
54202031012
54202045012
54202080019
54202087014
54202102011
54202105014
54202140011
54202151018
54202164011
54202171016
54202199017
54202203017
54202206010
54202231018
54202232016
54202236017
54202260017
54202281013
54202289016
54202293018
54202296011
54202311018
54202316017
54202326016
54202375013
54202407014
54202414010
54202421015
54202440015
54202441013
54202460013
54202477017
54202507011
54202524016
54202526011
54202536010
54202580018
54202583012
54202599018
54202643014
54202661016
54202669019
54202682012
54202683010
54202686013
54202712017
54202730019
54202743012
54202745017
54202801018
54202804012
54202810019
54202816016
54202820018
54202834019
54202837012
54202842012
54202868017
54202901016
54202904010
54202941012
54202945013
54202950013
54202969013
54202976018
54202989011
54202990019
54203009017
54203023018
54203025013
54203040012
54203044014
54203048015
54203050011
54203054013
54203058014
54203073013
54203074011
54203077014
54203082014
54203090017
54203094019
54203097012
54203102010
54203104016
54203160018
54203168011
54203188019
54203202018
54203206019
54203251015
54203268019
54203285013
54203296010
54203298016
54203300010
54203319010
54203328011
54203330017
54203344018
54203346013
54203370013
54203378016
54203384014
54203386019
54203400018
54203407013
54203416014
54203428019
54203439016
54203482016
54203504017
54203505014
54203545010
54203548014
54203569010
54203586014
54203598019
54203605012
54203627016
54203628014
54203643013
54203650018
54203658011
54203659019
54203660017
54203678019
54203689016
54203690014
54203693018
54203695013
54203717015
54203718013
54203726016
54203782019
54203794014
54203832012
54203855013
54203857019
54203865012
54203927010
54203981017
54203996015
54203999019
54204002011
54204038015
54204053014
54204065018
54204076015
54204087012
54204129012
54204142015
54204147014
54204157013
54204187010
54204196011
54204260015
54204289014
54204361011
54204378015
54204419017
54204462017
54204539012
54204564010
54204572013
54204601010
54204619012
54204647013
54204651015
54204652013
54204749017
54204790011
54204806015
54204897014
54204904018
54204906013
54204908019
54204914017
54204917010
54204924016
54204950011
54204952017
54204954013
54204984010
54204999018
54205004016
54205006011
54205010013
54205012019
54205021010
54205022018
54205037016
54205058012
54205071015
54205074019
54205075016
54205086013
54205092011
54205114013
54205118014
54205119012
54205124012
54205142014
54205187019
54205188017
54205192019
54205202016
54205203014
54205204012
54205208013
54205227013
54205228011
54205233011
54205241014
54205242012
54205249017
54205265013
54205287017
54205301016
54205311015
54205316014
54205323010
54205324018
54205336012
54205391017
54205393013
54205398012
54205410015
54205413019
54205415014
54205481016
54205506010
54205507018
54205516019
54205581013
54205631016
54205653010
54205668018
54205705018
54205712014
54205718011
54205722013
54205731014
54205735015
54205738019
54205781019
54205798013
54205799011
54205805016
54205825014
54205839015
54205871018
54205873014
54205890018
54205896015
54205904017
54205919015
54205921011
54205924015
54205965018
54205966016
54205971016
54205972014
54205989018
54206001011
54206008016
54206035019
54206042015
54206047014
54206053012
54206066014
54206072012
54206089016
54206101019
54206105010
54206118013
54206133012
54206139019
54206169016
54206173018
54206177019
54206185012
54206226014
54206237011
54206284013
54206302013
54206347018
54206356019
54206362017
54206376017
54206402011
54206412010
54206448014
54206462015
54206478011
54206515010
54206573019
54206586011
54206614011
54206626015
54206665013
54206717012
54206733019
54206757018
54206759014
54206805015
54206838016
54206839014
54206850011
54206908017
54206994017
54207026017
54207043012
54207052013
54207054019
54207055016
54207059018
54207067011
54207075014
54207089015
54207096010
54207120018
54207132013
54207153019
54207155014
54207163018
54207169015
54207177018
54207179014
54207180012
54207184014
54207186019
54207190011
54207199012
54207202014
54207217012
54207231013
54207245013
54207247019
54207248017
54207252019
54207253017
54207255012
54207270011
54207291017
54207292015
54207295018
54207297014
54207308019
54207313019
54207314017
54207319016
54207347017
54207356018
54207365019
54207367015
54207374011
54207382014
54207396014
54207404016
54207428015
54207452015
54207472013
54207504013
54207505010
54207537013
54207555015
54207576011
54207577019
54207585012
54207592018
54207616015
54207647010
54207672018
54207675011
54207680011
54207715015
54207716013
54207762017
54207774012
54207779011
54207783013
54207785018
54207790018
54207792014
54207794010
54207796015
54207798011
54207816011
54207827018
54207834014
54207836019
54207840011
54207854012
54207858013
54207868012
54207881015
54207889018
54207907018
54207910012
54207912018
54207922017
54207931018
54207952014
54207958011
54207961015
54207976013
54207988018
54207989016
54207990014
54207991012
54207999015
54208013014
54208015019
54208018013
54208038011
54208051014
54208052012
54208072010
54208086010
54208091010
54208095011
54208096019
54208097017
54208112014
54208113012
54208142011
54208146012
54208153018
54208184013
54208199011
54208207012
54208226012
54208242019
54208253016
54208255011
54208277015
54208294010
54208295017
54208303019
54208316011
54208328016
54208330012
54208342017
54208347016
54208348014
54208367014
54208370018
54208376015
54208382013
54208385016
54208388010
54208395015
54208411010
54208415011
54208440019
54208441017
54208447014
54208465016
54208466014
54208469018
54208472012
54208497019
54208498017
54208518012
54208530017
54208531015
54208534019
54208535016
54208536014
54208541014
54208550015
54208551013
54208552011
54208553019
54208557010
54208561012
54208571011
54208604010
54208627011
54208702012
54208709017
54208711013
54208731011
54208744014
54208757016
54208784010
54208793011
54208795016
54208796014
54208803018
54208804016
54208805013
54208808017
54208842016
54208846017
54208848013
54208849011
54208855018
54208856016
54208866015
54208880016
54208942014
54208969017
54208971013
54208972011
54208981012
54208987019
54208993017
54209012015
54209013013
54209021016
54209049017
54209075012
54209082018
54209087017
54209114019
54209137010
54209139016
54209148017
54209152019
54209173015
54209176018
54209177016
54209188013
54209225013
54209262016
54209269011
54209270019
54209283012
54209292013
54209320012
54209327017
54209330011
54209331019
54209337016
54209343014
54209361016
54209370017
54209379018
54209394017
54209442014
54209456014
54209467011
54209468019
54209476012
54209485013
54209493017
54209521015
54209527012
54209528010
54209530016
54209535015
54209539017
54209541013
54209547010
54209566010
54209572018
54209591018
54209609018
54209619017
54209648016
54209652018
54209665010
54209672016
54209678013
54209685018
54209707010
54209708018
54209715013
54209722019
54209739013
54209746018
54209754012
54209761017
54209797011
54209801011
54209808016
54209837015
54209874018
54209884017
54209901019
54209903015
54209915019
54209918013
54209946014
54209948010
54209951014
54209967010
54209992018
54210005016
54210015015
54210024017
54210037019
54210055011
54210069012
54210083013
54210125012
54210129014
54210141019
54210143015
54210153014
54210155019
54210158013
54210165018
54210173012
54210176015
54210183011
54210188010
54210194018
54210215011
54210222017
54210227016
54210229012
54210232016
54210234012
54210270016
54210280015
54210286012
54210316017
54210332014
54210349018
54210351014
54210358019
54210360015
54210367010
54210372010
54210373018
54210387018
54210399013
54210414010
54210427012
54210428010
54210434018
54210437011
54210440015
54210453018
54210460013
54210470012
54210500016
54210510015
54210511013
54210512011
54210523018
54210547017
54210551019
54210562016
54210571017
54210572015
54210573013
54210579010
54210599018
54210602010
54210639012
54210641018
54210662014
54210665017
54210678010
54210682012
54210685015
54210695014
54210696012
54210720010
54210733013
54210738012
54210743012
54210744010
54210755016
54210768019
54210800010
54210801018
54210813013
54210821016
54210834019
54210846013
54210861012
54210866011
54210872019
54210879014
54210891019
54210917012
54210932011
54210949015
54210952019
54210960012
54211003010
54211013019
54211014017
54211036010
54211045011
54211080018
54211086015
54211102010
54211109015
54211128015
54211131019
54211142016
54211150019
54211165017
54211183010
54211191013
54211192011
54211203016
54211218014
54211229011
54211233013
54211243012
54211245017
54211247013
54211278018
54211282010
54211336014
54211342012
54211345015
54211348019
54211349017
54211359016
54211361012
54211384014
54211402014
54211404010
54211410017
54211412013
54211421014
54211449015
54211457018
54211477016
54211480010
54211515013
54211516011
54211539013
54211564011
54211582013
54211619013
54211621019
54211630010
54211631018
54211640019
54211660017
54211674018
54211675015
54211676013
54211688018
54211703015
54211710010
54211711018
54211712016
54211726016
54211728012
54211748010
54211764017
54211774016
54211777019
54211778017
54211783017
54211788016
54211802015
54211825016
54211830016
54211848018
54211851012
54211855013
54211871010
54211879013
54211898013
54211899011
54211911014
54211916013
54211925014
54211927010
54211937019
54211939015
54211941011
54211961019
54211965010
54211966018
54211970010
54211976017
54211996015
54212004017
54212007010
54212009016
54212014016
54212025012
54212030012
54212057015
54212070018
54212074010
54212077013
54212080017
54212087012
54212092012
54212093010
54212097011
54212110012
54212124013
54212131018
54212147014
54212148012
54212151016
54212154010
54212160017
54212162013
54212164019
54212189016
54212212016
54212218013
54212238011
54212245016
54212270014
54212313012
54212325016
54212326014
54212333010
54212338019
54212340015
54212341013
54212343019
54212344017
54212356011
54212362019
54212367018
54212368016
54212380011
54212389012
54212417011
54212435013
54212447018
54212456019
54212468014
54212480019
54212485018
54212496015
54212499019
54212508017
54212510013
54212523016
54212526019
54212529013
54212531019
54212568011
