19695216016
19695219010
19695224010
19695228011
19695232013
19695236014
19695240016
19695243010
19695247011
19695252011
19695256012
19695259016
19695264016
19695267019
19695271011
19695276010
19695280012
19695284014
19695288015
19695292017
19695296018
19695300018
19695305017
19695309019
19695313011
19695316014
19695321014
19695325015
19695329017
19695333019
19695336012
19695340014
19695344016
19695349015
19695353017
19695356010
19695360012
19695365011
19695369013
19695373015
19695376018
19695380010
19695384012
19695389011
19695393013
19695399010
19695402012
19695407011
19695411013
19693566016
19693570018
19693574010
19693578011
19693582013
19693586014
19693590016
19693594018
19693598019
19693602019
19693606010
19693610012
19693614014
19693618015
19693622017
19693626018
19693630010
19693634012
19693638013
19695415014
19695419016
19695423018
19695426011
19695430013
19695435012
19695439014
19695445011
19695449013
19695453015
19695457016
19695460010
19695464012
19695469011
19695472015
19695477014
19695479010
19693265015
19693642015
19693646016
19693650018
19693653012
19693657013
19693661015
19693665016
19693669018
19693673010
19693679017
19693684017
19693687010
19693691012
19693694016
19693698017
19693703015
19693707016
19693710010
19693714012
19693718013
19693723013
19693727014
19693731016
19693735017
19693739019
19693742013
19693747012
19693751014
19693754018
19693758019
19693762011
19693766012
19693770014
19693775013
19693779015
19693782019
19693786010
19693790012
19693794014
19693798015
19693802015
19693806016
19693811016
19693814010
19693818011
19693887016
19693891018
19693895019
19693898013
19693902013
19693906014
19693911014
19693915015
19693918019
19693922011
19693925014
19693930014
19692736016
19693268019
19693272011
19693275014
19693280014
19693936011
19693940013
19693944015
19693948016
19693952018
19695028015
19695031019
19695035010
19695039012
19695043014
19695047015
19695051017
19695055018
19695060018
19695063012
19695068011
19695071015
19695075016
19695079018
19693284016
19693288017
19693291011
19693296010
19693300010
19693304012
19693308013
19693312015
19693316016
19693320018
19693324010
19693327013
19693332013
19693335016
19693340016
19693344018
19693348019
19693352011
19693356012
19695083010
19695088019
19695091013
19695096012
19695100012
19695103016
19695655015
19695659017
19695663019
19695667010
19695671012
19695674016
19695678017
19695682019
19695686010
19695691010
19695694014
19695699013
19695703013
19693359016
19693364016
19693368017
19693372019
19693376010
19693380012
19693384014
19693388015
19693392017
19693396018
19693400018
19693404010
19693407013
19693412013
19693416014
19693419018
19693423010
19693428019
19693432011
19695706016
19695710018
19695715017
19695719019
19695723011
19695726014
19695731014
19695734018
19695739017
19695742011
19695747010
19695751012
19695755013
19695758017
19695763017
19695766010
19695771010
19695775011
19695778015
19693435014
19693440014
19693443018
19693448017
19693451011
19693455012
19693460012
19693464014
19693467017
19693471019
19693476018
19693480010
19693484012
19693487015
19693491017
19693495018
19693500015
19693504017
19693508018
19695782017
19695787016
19695791018
19695795019
19695798013
19695802013
19695807012
19695811014
19695814018
19695819017
19695822011
19695827010
19695830014
19695835013
19695839015
19695843017
19695847018
19695850012
19695855011
19693512010
19693516011
19693520013
19693524015
19693528016
19693532018
19693536019
19693540011
19693543015
19693548014
19693551018
19693556017
19693560019
19693564011
19693568012
19693572014
19693576015
19693580017
19693584019
19695858015
19695863015
19695867016
19695871018
19695875019
19695878013
19695883013
19695886016
19695891016
19695894010
19695898011
19695903019
19693588010
19693592012
19693596013
19693600013
19693604015
19693608016
19693612018
19693616019
19693620011
19693623015
19693628014
19693632016
19693636017
19693640019
19693644011
19693648012
19693652014
19693655017
19693659019
19693664019
19693667012
19693671014
19693675015
19693680015
19693683019
19694239019
19694244019
19694248010
19694252012
19694256013
19694260015
19694263019
19694267010
19694271012
19694276011
19694279015
19694283017
19694288016
19694292018
19694296019
19694300019
19694304011
19694308012
19694312014
19694316015
19694320017
19694324019
19694328010
19694332012
19694336013
19694340015
19694343019
19694348018
19694352010
19694356011
19694360013
19694364015
19694367018
19694371010
19695072013
19695076014
19695080016
19695084018
19695087011
19695092011
19695095014
19695099016
19695104014
19695107017
19695111019
19695115010
19695120010
19695123014
19695128013
19695131017
19695135018
19695139010
19695143012
19695147013
19695152013
19695155016
19695160016
19695163010
19695168019
19695171013
19695175014
19695180014
19695184016
19695188017
19695192019
19695195012
19695200010
19695203014
19695208013
19695212015
19693686012
19693690014
19693695013
19693699015
19693702017
19693706018
19693711018
19693715019
19693719011
19693722015
19693726016
19693730018
19693734010
19693738011
19693743011
19693746014
19693750016
19693755015
19693759017
19693337012
19693341014
19693345015
19693349017
19693353019
19693357010
19693360014
19693365013
19693369015
19693374015
19693377018
19693382018
19693385011
19693389013
19693393015
19693398014
19693763019
19693767010
19693771012
19693774016
19693778017
19693783017
19693787018
19693791010
19693795011
19693799013
19693803013
19693807014
19693810018
19693815017
19693819019
19693822013
19693826014
19694405016
19694409018
19694947017
19694952017
19694955010
19695030011
19695034013
19695038014
19695042016
19695046017
19695050019
19695054011
19695057014
19695061016
19695066015
19695069019
19695074019
19695078010
19695081014
19695086013
19695089017
19693401016
19693406015
19693410017
19693413011
19693417012
19693422012
19693425015
19693429017
19693434017
19693438018
19693441012
19693445013
19693450013
19693453017
19693458016
19693462018
19693466019
19693469013
19693473015
19693000016
19693005015
19693009017
19693013019
19693017010
19693021012
19693025013
19693029015
19693033017
19693037018
19693041010
19693046019
19693049013
19693053015
19693057016
19693062016
19693065019
19693069011
19693073013
19695093019
19695098018
19695101010
19695354015
19695358016
19695363016
19695367017
19695368015
19695372017
19695377016
19695381018
19695385019
19695388013
19695392015
19695397014
19695400016
19695405015
19695409017
19695413019
19693477016
19693482016
19693485019
19693490019
19693494011
19693498012
19693501013
19693505014
19693509016
19693514016
19693517019
19693521011
19693526010
19693529014
19693533016
19693537017
19693541019
19693545010
19693549012
19693077014
19693081016
19693085017
19693089019
19693093011
19693097012
19693101012
19693106011
19693109015
19693114015
19693117018
19693122018
19693123016
19693127017
19693131019
19693135010
19693140010
19693143014
19693148013
19695417010
19695420014
19695424016
19695428017
19695432019
19695437018
19695440012
19695444014
19695448015
19695452017
19695456018
19695461018
19695465019
19695468013
19695473013
19695476016
19695481016
19695484010
19695488011
19693553014
19693557015
19693561017
19693565018
19693569010
19693573012
19693577013
19693581015
19693585016
19693589018
19693593010
19693597011
19693601011
19693605012
19693609014
19693613016
19693617017
19693621019
19693625010
19694414018
19694418019
19694421013
19694426012
19694430014
19694434016
19694437019
19694441011
19694446010
19694449014
19693152015
19693155018
19693160018
19693164010
19693168011
19693172013
19693175016
19693180016
19693184018
19693187011
19693191013
19693196012
19693199016
19693204014
19693207017
19693212017
19693216018
19693220010
19693223014
19695492013
19695496014
19695500013
19695504015
19695508016
19695532016
19695536017
19695540019
19695545018
19695548012
19695553012
19695557013
19695560017
19695565016
19695568010
19695572012
19695576013
19695581013
19695584017
19693629012
19693633014
19693637015
19693641017
19693645018
19693649010
19693654010
19693658011
19693662013
19693666014
19693670016
19693674018
19693678019
19693682011
19694241015
19694246014
19694249018
19694254018
19694257011
19694453016
19694458015
19694462017
19694466018
19694470010
19694473014
19694477015
19694481017
19694485018
19694490018
19694493012
19694498011
19694502010
19694506011
19694509015
19694514015
19694518016
19694522018
19694526019
19693227015
19693231017
19693236016
19693240018
19693244010
19693248011
19693251015
19693255016
19693259018
19693263010
19695589016
19695593018
19695597019
19695601019
19695604013
19695609012
19695612016
19695616017
19695621017
19695625018
19695628012
19695632014
19695636015
19695641015
19695645016
19695649018
19695652012
19694262011
19694266012
19694270014
19694274016
19694278017
19694281011
19694286010
19694290012
19694293016
19694297017
19694302015
19694305018
19694310018
19694313012
19694317013
19694321015
19694326014
19694329018
19694334018
19694530011
19694534013
19694537016
19694542016
19694546017
19694549011
19694554011
19694557014
19694562014
19694565017
19694569019
19694573011
19694578010
19694582012
19694586013
19694590015
19694593019
19694598018
19694602018
19694338019
19694341013
19694345014
19694350014
19694354016
19694357019
19694362019
19694366010
19694370012
19695982013
19695986014
19694606019
19694610011
19694613015
19694617016
19694622016
19694625019
19694630019
19694634011
19694637014
19694642014
19694646015
19694647013
19694652013
19694656014
19694659018
19694662012
19694665015
19694669017
19694673019
19694677010
19694682010
19694685013
19694690013
19694694015
19694697018
19694701018
19694705019
19694709011
19694714011
19694717014
19694722014
19694726015
19694729019
19694733011
19694737012
19694741014
19694746013
19694749017
19694754017
19694757010
19694761012
19694766011
19694769015
19694774015
19694778016
19694782018
19694785011
19694790011
19694793015
19694798014
19694801016
19694805017
19694809019
19694816014
19694820016
19694824018
19694827011
19694831013
19694835014
19694840014
19694843018
19694847019
19694852019
19694855012
19694859014
19694864014
19694867017
19694871019
19694875010
19694880010
19694883014
19694887015
19694891017
19694896016
19694900016
19694903010
19694907011
19694911013
19694915014
19694920014
19694924016
19694927019
19694931011
19694935012
19695531018
19695534012
19695538013
19695542015
19695546016
19695551016
19695555017
19695559019
19695562013
19695566014
19695570016
19695574018
19695578019
19695583019
19695587010
19695591012
19695595013
19695598017
19695602017
19693855013
19693858017
19693863017
19693867018
19693871010
19693875011
19693878015
19693882017
19693886018
19693890010
19693894012
19693899011
19693903011
19693907012
19693910016
19693914018
19693920015
19693923019
19693927010
19693689016
19693693018
19693697019
19693700011
19693704013
19693709012
19693713014
19693717015
19693721017
19693724011
19693729010
19693733012
19693737013
19693740017
19693744019
19693748010
19693753010
19693756013
19693760015
19695606018
19695610010
19695615019
19695619011
19695809018
19695812012
19695816013
19695820015
19695824017
19695828018
19695833018
19695837019
19695841011
19695844015
19695848016
19695852018
19695856019
19695861019
19695865010
19693931012
19693935013
19693939015
19693943017
19693947018
19693951010
19693956019
19693961019
19693965010
19693969012
19693973014
19693977015
19693981017
19693986016
19693989010
19693994010
19693998011
19694001013
19694005014
19693764017
19693769016
19693772010
19693776011
19693780013
19693785012
19693788016
19693792018
19693796019
19693801017
19693804011
19693808012
19693813012
19693816015
19693820017
19693825016
19694404019
19694407012
19694411014
19695868014
19695873014
19695877015
19695881017
19695885018
19695889010
19695893012
19695896015
19695900015
19695905014
19695908018
19695913018
19695916011
19695920013
19695925012
19695929014
19695932018
19695937017
19695941019
19693955011
19693959013
19693963015
19693967016
19693971018
19693976017
19693979011
19693983013
19693988012
19693991016
19693996015
19694000015
19694004017
19694008018
19694011012
19694015013
19694019015
19694024015
19694028016
19695983011
19694009016
19694013018
19694017019
19694021011
19694026010
19694030012
19694033016
19694037017
19694042017
19694045010
19694050010
19694054012
19694057015
19694061017
19694066016
19694070018
19694073012
19694077013
19694082013
19693267011
19693271013
19693276012
19693279016
19693283018
19693287019
19693292019
19693295012
19693299014
19693303014
19693307015
19693311017
19693315018
19693319010
19693323012
19693328011
19693331015
19693336014
19693339018
19695945010
19695948014
19695952016
19693270015
19693274017
19693278018
19693281012
19693286011
19693290013
19693294015
19693298016
19693302016
19693306017
19693310019
19693314011
19693317014
19693321016
19693326015
19693330017
19693333011
19693338010
19693342012
19692742014
19692746015
19692751015
19692756014
19692759018
19692763010
19692768019
19692769017
19692774017
19692777010
19692781012
19692786011
19692789015
19692793017
19692797018
19692801018
19692806017
19692809011
19692813013
19694086014
19694089018
19694094018
19694097011
19694102019
19694105012
19694110012
19694114014
19694118015
19694121019
19694126018
19694571015
19694575016
19694579018
19694584018
19694588019
19694592011
19694596012
19694599016
19693343010
19693347011
19693351013
19693355014
19693361012
19693363018
19693367019
19693371011
19693375012
19693379014
19693383016
19693387017
19693391019
19693395010
19693399012
19693403012
19693408011
19693411015
19693415016
19693346013
19693350015
19693354017
19693358018
19693362010
19693366011
19693370013
19693373017
19693378016
19693381010
19693386019
19693390011
19693394013
19693397016
19693402014
19693405017
19693409019
19693414019
19693418010
19692818012
19692821016
19692825017
19692829019
19692833011
19692838010
19692841014
19692845015
19692849017
19692853019
19692857010
19692862010
19692866011
19692869015
19692873017
19692878016
19692881010
19692885011
19692889013
19694604014
19694608015
19694612017
19694616018
19694619012
19694623014
19694627015
19694631017
19694636016
19694640018
19694644010
19694648011
19694651015
19694655016
19694660016
19694664018
19694668019
19694671013
19694675014
19693420016
19693424018
19693427011
19693431013
19693436012
19693439016
19693444016
19693447019
19693452019
19693456010
19693459014
19693463016
19693468015
19693472017
19693475010
19693479012
19693483014
19693488013
19693492015
19693421014
19693426013
19693430015
19693433019
19693437010
19693442010
19693446011
19693449015
19693454015
19693457018
19693461010
19693465011
19693470011
19693474013
19693478014
19693481018
19693486017
19693489011
19693493013
19692893015
19692897016
19692901016
19692905017
19692909019
19692913011
19692917012
19692921014
19692926013
19692930015
19692933019
19692937010
19692942010
19692945013
19692949015
19692953017
19692958016
19692961010
19692965011
19694680014
19694683018
19694688017
19694692019
19694695012
19694700010
19694703014
19694707015
19694712015
19694716016
19694720018
19694723012
19694727013
19694732013
19694735016
19694739018
19694743010
19694747011
19694751013
19693496016
19693499010
19693503019
19693507010
19693511012
19693515013
19693519015
19693523017
19693527018
19693531010
19693535011
19693539013
19693544013
19693547016
19693552016
19693555019
19693559011
19693563013
19693567014
19693497014
19693502011
19693506012
19693510014
19693513018
19693518017
19693522019
19693525012
19693530012
19693534014
19693538015
19693542017
19693546018
19693550010
19693554012
19693558013
19693562015
19693676013
19693809010
19692970011
19692974013
19692978014
19692982016
19692986017
19692989011
19692993013
19692997014
19693001014
19694755014
19694759016
19694763018
19694768017
19694772019
19694776010
19694779014
19694784014
19694787017
19694792017
19694796018
19694799012
19694803012
19694807013
19694811015
19694815016
19694819018
19694823010
19694828019
19693571016
19693575017
19693579019
19693583011
19693587012
19693591014
19693595015
19693599017
19693603017
19693607018
19693611010
19693615011
19693619013
19693624013
19693627016
19693631018
19693635019
19693639011
19693643013
19693812014
19693817013
19693888014
19693892016
19693896017
19693901015
19693904019
19693908010
19693913010
19693916013
19693919017
19693924017
19693928018
19693932010
19693933018
19693937019
19693941011
19693945012
19693949014
19694832011
19694836012
19694839016
19694842010
19694845013
19694849015
19694853017
19694858016
19694861010
19694865011
19694869013
19694873015
19694878014
19694881018
19694886017
19694890019
19694894011
19694898012
19694902012
19693647014
19693651016
19693656015
19693660017
19693663011
19693668010
19693672012
19694233012
19694238011
19694242013
19694245016
19694250016
19694253010
19694258019
19694261013
19694265014
19694269016
19694273018
19694277019
19694031010
19694036019
19694040011
19694044013
19694048014
19694052016
19694055019
19694059011
19694063013
19694068012
19694071016
19694076015
19694079019
19694084019
19694088010
19694092012
19694096013
19694099017
19694104015
19694905015
19694909017
19694914017
19694918018
19694922010
19694925013
19694930013
19694933017
19694937018
19694942018
19694945011
19694950011
19694954013
19694957016
19695513016
19695514014
19695518015
19695523015
19695526018
19694282019
19694285012
19694289014
19694294014
19694298015
19694301017
19694306016
19694309010
19694314010
19694318011
19694322013
19694325016
19694330016
19694333010
19694337011
19694342011
19694346012
19694349016
19694353018
19694108016
19694111010
19694115011
19694120011
19694124013
19694128014
19694131018
19694136017
19694140019
19694144011
19694147014
19694151016
19694156015
19694160017
19694164019
19694168010
19694172012
19694176013
19694179017
19695530010
19695535019
19695539011
19695543013
19695547014
19695550018
19695554010
19695558011
19695563011
19695567012
19694358017
19694361011
19694365012
19694369014
19694416013
19694419017
19694424017
19694427010
19694431012
19694435013
19694439015
19694444015
19694448016
19694452018
19694455011
19694460011
19694463015
19694467016
19694472016
19694184017
19694188018
19694192010
19694195013
19694199015
19694204013
19694208014
19694212016
19694215019
19694220019
19694223013
19694227014
19694231016
19694475019
19694480019
19694484011
19694488012
19694492014
19694495017
19694499019
19694503018
19694507019
19694512019
19694516010
19694519014
19694523016
19694527017
19694531019
19694535010
19694539012
19694543014
19694547015
19694551017
19694556016
19694559010
19694563012
19694568011
19694572013
19694576014
19694580016
19694583010
19694587011
19694591013
19694595014
19694600012
19694603016
19694607017
19694611019
19694615010
19694620010
19694624012
19694628013
19694632015
19694635018
19694639010
19694643012
19694649019
19694653011
19694657012
19694663010
19694667011
19694672011
19694676012
19694679016
19694684016
19694687019
19694691011
19694696010
19694699014
19694704012
19694708013
19694711017
19694715018
19694719010
19694724010
19694728011
19694731015
19694736014
19694740016
19694744018
19694748019
19694752011
19694756012
19694760014
19694764016
19694767019
19694771011
19694775012
19694780012
19694783016
19694788015
19694791019
19694795010
19694800018
19694804010
19694808011
19694813011
19695486015
19695490017
19695494019
19695498010
19695502019
19695507018
19695510012
19695515011
19695519013
19695522017
19695527016
19694941010
19694946019
19694949013
19694953015
19694958014
19694961018
19694966017
19694969011
19694974011
19694978012
19694981016
19694985017
19694989019
19694993011
19694997012
19695001012
19695005013
19695009015
19695014015
19695018016
19695022018
19694372018
19694374014
19694377017
19694382017
19694385010
19694389012
19694393014
19694397015
19694401015
19694403011
19694408010
19694412012
19694415015
19694420015
19694423019
19694428018
19694432010
19694436011
19694440013
19695985016
19694964012
19694968013
19694972015
19694976016
19694980018
19694983012
19694987013
19694992013
19694995016
19694999018
19695004016
19695007019
19695011011
19695016010
19695020012
19695024014
19695657011
19695661013
19695664017
19695668018
19695673018
19692738012
19692739010
19692743012
19692747013
19692750017
19692753011
19692757012
19692762012
19692766013
19692772011
19692775014
19692780014
19692783018
19692788017
19692792019
19692795012
19692799014
19692804012
19692808013
19694443017
19694447018
19694451010
19694456019
19694459013
19694464013
19694468014
19694471018
19694476017
19694479011
19694483013
19694487014
19694491016
19694496015
19694500014
19694504016
19694508017
19694511011
19694515012
19695676011
19695681011
19695685012
19695688016
19695693016
19695696019
19695701017
19695704011
19695709010
19695713012
19695716015
19695720017
19695725016
19695729018
19695733010
19695737011
19695740015
19695744017
19695748018
19695753018
19695757019
19692811017
19692816016
19692820018
19692823012
19692827013
19692832013
19692835016
19692839018
19692844018
19692848019
19692852011
19692856012
19692859016
19692864016
19692867019
19692871011
19692876010
19692880012
19692884014
19694520012
19694524014
19694528015
19694532017
19694536018
19694540010
19694544012
19694548013
19694552015
19694555018
19694560018
19694564010
19694567013
19695105011
19695110011
19695113015
19695118014
19695122016
19695125019
19695760013
19695764015
19695768016
19695773016
19695777017
19695781019
19695784013
19695788014
19695792016
19695796017
19695801015
19695804019
19695808010
19695813010
19695817011
19695821013
19695825014
19695829016
19695832010
19695836011
19695840013
19695026019
19695029013
19695033015
19695037016
19695041018
19695045019
19695049011
19695053013
19692888015
19692892017
19692896018
19692900018
19692904010
19692908011
19692911015
19692916014
19692920016
19692923010
19692928019
19692932011
19692935014
19692940014
19692944016
19692948017
19692951011
19692955012
19692959014
19695129011
19695133013
19695137014
19695141016
19695145017
19695150017
19695154019
19695157012
19695161014
19695165015
19695169017
19695174017
19695178018
19695182010
19695186011
19695189015
19695193017
19695197018
19695202016
19695845012
19695849014
19695853016
19695857017
19695860011
19695864013
19695869012
19695872016
19695876017
19695880019
19695884011
19695888012
19695892014
19695897013
19695901013
19695904017
19695909016
19695912010
19695917019
19695921011
19695924015
19695058012
19695062014
19695065017
19692963016
19692967017
19692971019
19692975010
19692979012
19692983014
19692987015
19692992015
19692996016
19693004018
19693008019
19693012011
19693015014
19693019016
19693024016
19693028017
19693032019
19693035012
19693040012
19695206017
19695210019
19695214011
19695217014
19695221016
19695226015
19695230017
19695234019
19695238010
19695242012
19695246013
19695249017
19695253019
19695258018
19695261012
19695265013
19695269015
19695273017
19695277018
19695930012
19695934014
19695938015
19695943015
19695946018
19695950010
19695955019
19695958013
19695962015
19695966016
19695970018
19695974010
19695978011
19693044014
19693048015
19693051019
19693056018
19693060010
19693064012
19693068013
19693071017
19693076016
19693079010
19693084010
19693088011
19693092013
19693095016
19693100014
19693104016
19693108017
19693111011
19693116010
19695281010
19695285011
19695289013
19695293015
19695297016
19695301016
19695304010
19695308011
19695312013
19695317012
19695320016
19695324018
19695328019
19695332011
19695337010
19695341012
19695345013
19695348017
19695352019
19693120012
19693126019
19693130011
19693133015
19693138014
19693141018
19693145019
19693150019
19693153013
19693157014
19693161016
19693165017
19693169019
19693173011
19693177012
19693182012
19693186013
19693189017
19693193019
19695357018
19695361010
19695364014
19695371019
19695374013
19695378014
19695382016
19695387015
19695391017
19695394011
19695398012
19695403010
19695406013
19695410015
19695414017
19695418018
19695422010
19695427019
19695431011
19693198018
19693201010
19693205011
19693209013
19693214013
19693217016
19693221018
19693225019
19693229011
19693233013
19693237014
19693241016
19693245017
19693250017
19693253011
19693258010
19693262012
19695434015
19695438016
19695443016
19695447017
19695451019
19695455010
19695458014
19695462016
19695466017
19695470019
19695475018
19695478012
19695483012
19695487013
19695491015
19695495016
19695499018
19695503017
19695506010
19695511010
19694373016
19694376019
19694380011
19694386018
19694390010
19694394012
19694398013
19694402013
19694940012
19694943016
19694948015
19694951019
19694956018
19694960010
19694963014
19694967015
19694971017
19694975018
19694979010
19694984010
19694988011
19694533015
19694538014
19694541018
19694545019
19694550019
19694553013
19694558012
19694561016
19694566015
19694570017
19694574019
19694577012
19694581014
19694585015
19694589017
19694594017
19694597010
19694601010
19694605011
19694609013
19694614013
19694991015
19694996014
19695000014
19695003018
19695008017
19695056016
19695059010
19695064010
19695067013
19695624011
19695629010
19695633012
19695637013
19695640017
19695644019
19695648010
19695653010
19695656013
19695660015
19695665014
19695669016
19693823011
19693827012
19693830016
19693835015
19693838019
19693843019
19693846012
19693850014
19693854016
19693859015
19693862019
19693866010
19693870012
19693874014
19693879013
19693883015
19694618014
19694621018
19694626017
19694629011
19694633013
19694638012
19694641016
19694645017
19694650017
19694654019
19694658010
19694661014
19694666013
19694670015
19694674017
19694678018
19694681012
19694686011
19694689015
19694693017
19694698016
19695672010
19695677019
19695680013
19695684015
19695689014
19695692018
19695697017
19695700019
19695705018
19695708012
19695712014
19695717013
19695721015
19695724019
19695728010
19695732012
19695736013
19695741013
19695745014
19695749016
19695752010
19694702016
19694706017
19694710019
19694713013
19694718012
19694721016
19694725017
19694730017
19694734019
19694738010
19694742012
19694745015
19694750015
19694753019
19694758018
19694762010
19694765013
19694770013
19694773017
19694777018
19694781010
19695756011
19695761011
19695765012
19695769014
19695772018
19695776019
19695780011
19695785010
19695789012
19695793014
19695797015
19695800017
19695805016
19695810016
19695815015
19695818019
19695823019
19695826012
19695831012
19695834016
19695838017
19694786019
19694789013
19694794013
19694797016
19694802014
19694806015
19694810017
19694814019
19694818010
19694822012
19694826013
19694830015
19694833019
19694837010
19694844016
19694848017
19694851011
19694856010
19694860012
19694863016
19694868015
19695842019
19695846010
19695851010
19695854014
19695859013
19695862017
19695866018
19695870010
19695874012
19695879011
19695882015
19695887014
19695890018
19695895017
19695899019
19695902011
19695906012
19695911012
19695915013
19695919015
19695923017
19694872017
19694876018
19694879012
19694884012
19694888013
19694892015
19694895018
19694899010
19694904018
19694908019
19694912011
19694916012
19694919016
19694923018
19694928017
19694932019
19694936010
19694939014
19694944014
19695517017
19695520011
19695926010
19695931010
19695935011
19695939013
19695942017
19695947016
19695951018
19695956017
19695960019
19695964011
19695968012
19695972014
19695977013
19695525010
19695529012
19695571014
19695575015
19695579017
19695582011
19695586012
19695590014
19695594016
19695599015
19695603015
19695607016
19695611018
19695614012
19695618013
19695622015
19695626016
19695631016
19695635017
19695638011
19695642013
19695646014
19695651014
19693831014
19693834018
19693839017
19693842011
19693847010
19693851012
19695070017
19695073011
19695077012
19695082012
19695085015
19695090015
19695094017
19695097010
19695102018
19695106019
19695109013
19695114013
19695117016
19695121018
19695126017
19695130019
19695134011
19695138012
19695142014
19695146015
19695149019
19694375011
19694379013
19694383015
19694388014
19694392016
19694396017
19694400017
19694406014
19694410016
19694413010
19694417011
19694422011
19694425014
19694429016
19694433018
19694438017
19694442019
19694445012
19694450012
19694454014
19694457017
19695153011
19695158010
19695162012
19695166013
19695170015
19695173019
19695177010
19695181012
19695185013
19695190013
19695194015
19695198016
19695201018
19695205019
19695209011
19695213013
19695218012
19695222014
19695225017
19695229019
19695233011
19694461019
19694465010
19694469012
19694474012
19694478013
19694482015
19694486016
19694489010
19694494010
19694497013
19694501012
19694505013
19694510013
19694513017
19694517018
19694521010
19694525011
19694529013
19695108015
19695112017
19695116018
19695237012
19695241014
19695245015
19695250015
19695254017
19695257010
19695262010
19695266011
19695270013
19695274015
19695278016
19695283016
19695287017
19695291019
19695295010
19695299012
19695302014
19695307013
19695311015
19695315016
19695318010
19695119012
19695124012
19695127015
19695132015
19695136016
19695140018
19695144010
19695148011
19695151015
19695156014
19695159018
19695164018
19695167011
19695172011
19695176012
19695179016
19695183018
19695187019
19695191011
19695196010
19695199014
19695322012
19695326013
19695330015
19695335014
19695339016
19695342010
19695347019
19695350013
19695355012
19695359014
19695362018
19695366019
19695370011
19695375010
19695379012
19695383014
19695386017
19695390019
19695395018
19695396016
19695401014
19695204012
19695207015
19695211017
19695215018
19695220018
19695223012
19695227013
19695231015
19695235016
19695239018
19695244018
19695248019
19695251013
19695255014
19695260014
19695263018
19695268017
19695272019
19695275012
19695279014
19695282018
19695404018
19695408019
19695412011
19695416012
19695421012
19695425013
19695429015
19695433017
19695436010
19695441010
19695442018
19695446019
19695450011
19695454013
19695459012
19695463014
19695467015
19695471017
19695474011
19695480018
19695482014
19695286019
19695290011
19695294013
19695298014
19695303012
19695306015
19695310017
19695314019
19695319018
19695323010
19695327011
19695331013
19695334017
19695338018
19695343018
19695346011
19695351011
19695928016
19695933016
19695936019
19695940011
19693249019
19693254019
19693257012
19693261014
19695944013
19695949012
19695953014
19695957015
19695961017
19695965018
19695969010
19695973012
19695976015
19695980017
19692735018
19693829018
19693833010
19693836013
19693840015
19693844017
19693849016
19693852010
19693856011
19693860013
19693865012
19693868016
19693873016
19693877017
19693881019
19693885010
19693889012
19693893014
19693897015
19693900017
19693129013
19693134013
19693137016
19693142016
19693146017
19693149011
19693154011
19693158012
19693162014
19693166015
19693170017
19693174019
19693178010
19693181014
19693185015
19693190015
19693194017
19693197010
19693202018
19693206019
19693210011
19692741016
19692749019
19692754019
19692758010
19692761014
19692765015
19692770015
19692773019
19692778018
19692782010
19692785013
19692790013
19692794015
19692798016
19692802016
19692805019
19692810019
19692814011
19692817014
19692822014
19692826015
19694378015
19694381019
19694384013
19694387016
19694391018
19694395019
19694399011
19695012019
19695015012
19695019014
19695023016
19695027017
19695032017
19695036018
19695040010
19695044012
19695048013
19695052015
19695623013
19695627014
19695630018
19693905016
19693909018
19693912012
19693917011
19693921013
19693926012
19693929016
19693934016
19693938017
19693942019
19693946010
19693950012
19693953016
19693957017
19694130010
19694134012
19694138013
19694141017
19694145018
19694149010
19694153012
19693213015
19693218014
19693222016
19693226017
19693230019
19693234011
19693238012
19693242014
19693246015
19693252013
19693256014
19693260016
19693264018
19692830017
19692834019
19692837012
19692842012
19692846013
19692850015
19692854017
19692858018
19692861012
19692865013
19692870013
19692874015
19692877018
19692882018
19692886019
19692890011
19692894013
19692898014
19692902014
19692906015
19692910017
19695634010
19695639019
19695643011
19695647012
19695650016
19695654018
19695658019
19695662011
19695666012
19695670014
19695675013
19695679015
19695683017
19695687018
19695690012
19695695011
19695698015
19695702015
19695707014
19695711016
19695714010
19694158011
19694162013
19694166014
19694170016
19694174018
19694177011
19694182011
19694186012
19694189016
19694194016
19694197019
19694202017
19694205010
19694210010
19694213014
19694218013
19694221017
19694225018
19694230018
19694234010
19694237013
19692914019
19692918010
19692922012
19692925015
19692929017
19692934017
19692938018
19692941012
19692946011
19692950013
19692954015
19692957018
19692962018
19692966019
19692969013
19692973015
19692977016
19692981018
19692985019
19692990019
19692994011
19693821015
19693824019
19693828010
19693832012
19693837011
19693841013
19693845014
19693848018
19693853018
19693857019
19693861011
19693864015
19693869014
19693872018
19693876019
19693880011
19693884013
19695718011
19695722013
19695727012
19695730016
19695735015
19695738019
19695743019
19695746012
19695750014
19695754016
19695759015
19695762019
19695767018
19695770012
19695774014
19695779013
19695783015
19695786018
19695790010
19695794012
19695799011
19694959012
19694962016
19694965019
19694970019
19694973013
19694977014
19694982014
19694986015
19694990017
19694994019
19694998010
19695002010
19695006011
19695010013
19695013017
19695017018
19695021010
19695025011
19695907010
19695910014
19695914016
19692998012
19693002012
19693006013
19693010015
19693014017
19693018018
19693022010
19693026011
19693030013
19693034015
19693038016
19693042018
19693045011
19693050011
19693054013
19693058014
19693061018
19693066017
19693070019
19693074011
19693078012
19695803011
19695806014
19695954012
19695959011
19695963013
19695967014
19695971016
19695975017
19695979019
19695981015
19695984019
19695918017
19695922019
19695927018
19693082014
19693086015
19693090017
19693094019
19693098010
19693102010
19693105013
19693110013
19693113017
19693118016
19693121010
19693125011
19693128015
19693132017
19693136018
19693139012
19693144012
19693147015
19693151017
19693156016
19693159010
19693163012
19693167013
19693171015
19693176014
19693179018
19693183010
19693188019
19693192011
19693195014
19693200012
19693203016
19693208015
19693211019
19693215010
19693219012
19693224012
19693228013
19693232015
19692737014
19692740018
19692744010
19692745017
19692748011
19692752013
19692755016
19692760016
19692764018
19692767011
19692771013
19692776012
19692779016
19692784016
19692787019
19692791011
19692796010
19692800010
19692803014
19693235018
19693239010
19693243012
19693247013
19693266013
19693269017
19693273019
19693277010
19693282010
19693285013
19693289015
19693293017
19693297018
19693301018
19693305019
19693309011
19693313013
19693318012
19693322014
19694812013
19694817012
19694821014
19694825015
19694829017
19694834017
19694838018
19694841012
19694846011
19694850013
19694854015
19694857018
19694862018
19694866019
19694870011
19694874013
19694877016
19694882016
19694885019
19692807015
19692812015
19692815018
19692819010
19692824010
19692828011
19692831015
19692836014
19692840016
19692843010
19692847011
19692851013
19692855014
19692860014
19692863018
19692868017
19692872019
19692875012
19692879014
19693954014
19693958015
19693962017
19693966018
19693970010
19693974012
19693978013
19693982015
19693985018
19693990018
19693993012
19693997013
19694002011
19694006012
19694010014
19694014016
19694018017
19694022019
19694025012
19693325017
19693329019
19693334019
19693960011
19693964013
19693968014
19693972016
19693975019
19693980019
19693984011
19693987014
19693992014
19693995017
19693999019
19694003019
19694007010
19694012010
19694016011
19694020013
19693677011
19693681013
19693685014
19693688018
19693692010
19693696011
19693701019
19693705010
19693708014
19693712016
19693716017
19693720019
19693725018
19693728012
19693732014
19693736015
19693741015
19693745016
19693749018
19692883016
19692887017
19692891019
19692895010
19692899012
19692903012
19692907013
19692912013
19692915016
19692919018
19692924018
19692927011
19692931013
19692936012
19692939016
19692943018
19692947019
19692952019
19692956010
19694029014
19694034014
19694038015
19694041019
19694046018
19694049012
19694053014
19694058013
19694062015
19694065018
19694069010
19694074010
19694078011
19694081015
19694085016
19694090016
19694093010
19694098019
19694101011
19694023017
19694027018
19694032018
19694035011
19694039013
19694043015
19694047016
19694051018
19694056017
19694060019
19694064011
19694067014
19694072014
19694075017
19694080017
19694083011
19694087012
19694091014
19694095015
19693752012
19693757011
19693761013
19693765014
19693768018
19693773018
19693777019
19693781011
19693784015
19693789014
19693793016
19693797017
19693800019
19693805018
19694889011
19694893013
19694897014
19694901014
19694906013
19692960012
19692964014
19692968015
19692972017
19692976018
19692980010
19692984012
19692988013
19692991017
19692995018
19692999010
19693003010
19693007011
19693011013
19693016012
19693020014
19693023018
19693027019
19693031011
19694106010
19694109014
19694113016
19694117017
19694122017
19694125010
19694129012
19694133014
19694137015
19694142015
19694146016
19694150018
19694154010
19694157013
19694161015
19694165016
19694169018
19694173010
19694178019
19694100013
19694103017
19694107018
19694112018
19694116019
19694119013
19694123015
19694127016
19694132016
19694135019
19694139011
19694143013
19694148012
19694152014
19694155017
19694159019
19694163011
19694167012
19694171014
19694910015
19694913019
19694917010
19694921012
19694926011
19694929015
19694934015
19694938016
19695485017
19695489019
19695493011
19695497012
19695501011
19695505012
19695509014
19695512018
19695516019
19695521019
19695524013
19693036010
19693039014
19693043016
19693047017
19693052017
19693055010
19693059012
19693063014
19693067015
19693072015
19693075018
19693080018
19693083012
19693087013
19693091015
19693096014
19693099018
19693103018
19693107019
19694181013
19694185014
19694190014
19694193018
19694198017
19694201019
19694206018
19694209012
19694214012
19694217015
19694222015
19694226016
19694229010
19694235017
19694240017
19694243011
19694247012
19694251014
19694255015
19694175015
19694180015
19694183019
19694187010
19694191012
19694196011
19694200011
19694203015
19694207016
19694211018
19694216017
19694219011
19694224011
19694228012
19694232014
19694236015
19695528014
19695533014
19695537015
19695541017
19695544011
19695549010
19695552014
19695556015
19695561015
19695564019
19695569018
19695573010
19695577011
19695580015
19695585014
19695588018
19695592010
19695596011
19695600011
19693112019
19693115012
19693119014
19693124014
19694259017
19694264017
19694268018
19694272010
19694275013
19694280013
19694284015
19694287018
19694291010
19694295011
19694299013
19694303013
19694307014
19694311016
19694315017
19694319019
19694323011
19694327012
19694331014
19695605010
19695608014
19695613014
19695617015
19695620019
19694335015
19694339017
19694344017
19694347010
19694351012
19694355013
19694359015
19694363017
19694368016
68763546010